gene,t1_melanocytes,t2_melanocytes,t3_neurons,t4_melanocytes
AAACAAGTATCTCCCA-1,0.566967251511099,0.0908666896687199,0.0579952874088512,0.28417077141133
AAACACCAATAACTGC-1,0.231025606596624,0.395872846360764,0.158433513225767,0.214668033816844
AAACAGCTTTCAGAAG-1,0.0509599468445858,0.541344146659363,0.100990327757362,0.306705578738688
AAACAGGGTCTATATT-1,0.149110127382576,0.443814617035323,0.219778865760491,0.18729638982161
AAACCCGAACGAAATC-1,0.425516730905516,0.185156728069277,0,0.389326541025206
AAACCGGGTAGGTACC-1,0.0569261983909132,0.0982449006762586,0.784096790573585,0.0607321103592432
AAACCGTTCGTCCAGG-1,0.335202129639015,0.357952957471208,0.0605924191162823,0.246252493773495
AAACCTAAGCAGCCGG-1,0.275210953438169,0.240858381515019,0.106579769972743,0.377350895074068
AAACCTCATGAAGTTG-1,0.136755735153858,0.286576546993673,0.0796092565344311,0.497058461318038
AAACGAGACGGTTGAT-1,0.372550257110636,0.180004681660862,0,0.447445061228502
AAACGGGCGTACGGGT-1,0.392829790150097,0.297825000202102,0.130949075453816,0.178396134193985
AAACTCGGTTCGCAAT-1,0.427870490506255,0.319977224682012,0.102069596811562,0.15008268800017
AAACTCGTGATATAAG-1,0.58988289187448,0.162399915846003,0,0.247717192279517
AAACTGCTGGCTCCAA-1,0.552895108956531,0.145708351398105,0,0.301396539645364
AAACTTGCAAACGTAT-1,0.0595368225752048,0,0.940463177424795,0
AAAGACTGGGCGCTTT-1,0.261447245562413,0.368086393802551,0.149305492260265,0.221160868374771
AAAGCTTGCCTACATA-1,0.502092404561981,0.0994561866883275,0,0.398451408749691
AAAGGCTCTCGCGCCG-1,0.520537022726627,0.218214443004128,0.0566570834915617,0.204591450777684
AAAGGGATGTAGCAAG-1,0.486883651059689,0.17363442929022,0,0.339481919650091
AAAGTAGCATTGCTCA-1,0.146588987695045,0.520326930185993,0,0.333084082118962
AAAGTCGACCCTCAGT-1,0.101086591157793,0.218848166444024,0.446574896442122,0.23349034595606
AAAGTGTGATTTATCT-1,0.611967701271368,0.171848217212953,0,0.216184081515678
AAAGTTGACTCCCGTA-1,0.52785942461718,0.167180332007597,0.0572146325664587,0.247745610808764
AAATAACCATACGGGA-1,0.31207704464741,0.314438334507631,0,0.373484620844958
AAATAAGGTAGTGCCC-1,0.500368272855039,0.228827731939536,0,0.270803995205425
AAATACCTATAAGCAT-1,0.363440720603221,0.365431124747563,0,0.271128154649216
AAATAGCTTAGACTTT-1,0.57611194962752,0.0734735097903149,0.057621347405998,0.292793193176167
AAATAGGGTGCTATTG-1,0.484692644131133,0.266264650383309,0,0.249042705485558
AAATCGCGGAAGGAGT-1,0.19453228920432,0.410370434223138,0.123600321334528,0.271496955238014
AAATCGTGTACCACAA-1,0.317377000071327,0.533359639769593,0,0.14926336015908
AAATCTAGCCCTGCTA-1,0.429605389858788,0.140666474554495,0.0828962159407666,0.34683191964595
AAATGATTCGATCAGC-1,0.581180634225124,0,0,0.418819365774876
AAATGGCCCGTGCCCT-1,0.157527265189475,0.430374703808672,0.130498292510248,0.281599738491605
AAATGGTCAATGTGCC-1,0.203159981463633,0.581959809678613,0.0664045789386251,0.148475629919129
AAATGTATCTTATCCC-1,0.170663464937419,0.320809671996445,0.179743021750256,0.32878384131588
AAATTAACGGGTAGCT-1,0.530224849047631,0.240177546603536,0,0.229597604348833
AAATTAATAAGCGCGA-1,0.101943249854533,0.194204385564013,0.540372165105683,0.163480199475771
AAATTCCAGGTCCAAA-1,0.631549723781464,0.216087473062059,0,0.152362803156477
AAATTGATAGTCCTTT-1,0.323229156442298,0.300635279071525,0.0937516185102822,0.282383945975895
AAATTTGCGGGTGTGG-1,0.0964108821872354,0.641415317285962,0,0.262173800526803
AACAACTGGTAGTTGC-1,0.176099611229287,0.634187088621383,0,0.18971330014933
AACAATACATTGTCGA-1,0.356402089966947,0.357729695722191,0.116795068777469,0.169073145533392
AACAATTACTCTACGC-1,0.315021898493856,0.257946368521812,0,0.427031732984332
AACACACGCTCGCCGC-1,0.558800858514421,0.103320223078861,0,0.337878918406718
AACACGAGACGCGGCC-1,0.208825521934772,0.205657159803991,0.506119998091045,0.0793973201701921
AACAGCTGTGTGGCAA-1,0.19175346951969,0.447538660835964,0.100422995625829,0.260284874018517
AACAGGATGGGCCGCG-1,0.115218011987068,0.657828606394602,0,0.22695338161833
AACAGGTAGTATGGAT-1,0.420996004649355,0.370236810764395,0.0843123745147537,0.124454810071497
AACATATCAACTGGTG-1,0.529251648461825,0.139588300608974,0,0.331160050929201
AACATTGTGACTCGAG-1,0.30827146124329,0.155351758215271,0.106369586565586,0.430007193975853
AACCAAGACTTCTCTG-1,0,0.264661692205036,0.601115820102018,0.134222487692946
AACCCATCCCATGATC-1,0.156884869697765,0.445621808213276,0.0709619720754339,0.326531350013525
AACCCGAGCAGAATCG-1,0.323000096844174,0.362611972264955,0.0626252748814266,0.251762656009444
AACCCGCTGTATTCCA-1,0.310754281831718,0.260732647103979,0,0.428513071064302
AACCCTACTGTCAATA-1,0.369254664560799,0.101825208142203,0,0.528920127296999
AACCGAGCTTGGTCAT-1,0.58864360420171,0.0638934086270761,0,0.347462987171214
AACCGCTAAGGGATGC-1,0.573835422081654,0.154898018271314,0,0.271266559647033
AACCTCGCTTTAGCCC-1,0.49524255081047,0.231923999075567,0.0711972278254311,0.201636222288533
AACCTGTCACGGAATT-1,0.603872240714459,0.0996809238813178,0,0.296446835404223
AACCTTTAAATACGGT-1,0.430696131656831,0.245481883222172,0.103434027243634,0.220387957877363
AACCTTTACGACGTCT-1,0.418534607995106,0.284608896952092,0,0.296856495052803
AACGAAAGTCGTCCCA-1,0.122094633690746,0.483919803559217,0.0630912859302268,0.33089427681981
AACGATAATGCCGTAG-1,0.486505929121689,0.217119044264459,0.0520828577518941,0.244292168861958
AACGATAGAAGGGCCG-1,0.33008161866043,0.552871073601479,0.0543163330893014,0.0627309746487901
AACGATATGTCAACTG-1,0.72440394481624,0.200092511947102,0.0755035432366577,0
AACGCATGATCTGGGT-1,0.625852463440114,0,0,0.374147536559886
AACGCGGTCTCCAGCC-1,0.550952393795038,0.0684851445234984,0,0.380562461681464
AACGCTGTTGCTGAAA-1,0.307808130522751,0.231578868652348,0,0.460613000824901
AACGGACGTACGTATA-1,0.627407129668807,0.142541406583894,0,0.230051463747299
AACGGCCATCTCCGGT-1,0.191008317203253,0.429240507267616,0.093921670180685,0.285829505348447
AACGTACTGTGGGTAC-1,0.264955791475937,0.392321841375897,0.0893070450073985,0.253415322140767
AACGTGCGAAAGTCTC-1,0.490677315166136,0.236717864091063,0,0.272604820742801
AACGTTATCAGCACCT-1,0.280634972523673,0.286211919590143,0.125114687865948,0.308038420020236
AACTACCCGTTTGTCA-1,0.485831837368715,0.240325441931571,0,0.273842720699714
AACTAGGCTTGGGTGT-1,0.496114224048584,0.148018793183045,0,0.355866982768371
AACTCAAGTTAATTGC-1,0.257385531648413,0.478304010546951,0.0999298361825325,0.164380621622104
AACTCTCAATAGAGCG-1,0.541593705094903,0.190916375952257,0,0.26748991895284
AACTCTCAGTGTGCTC-1,0.197826244029091,0.416923014464391,0.116972330540587,0.268278410965931
AACTGGGTCCCGACGT-1,0.668803892536208,0.249473528720759,0,0.0817225787430336
AACTTGCCCGTATGCA-1,0.362164165787132,0.228041207474243,0,0.409794626738625
AACTTTACGGGAGCTT-1,0.0734234765630808,0.196288994391598,0.730287529045321,0
AAGACTGCAAGCTACT-1,0.441465199948096,0.133542017579506,0.101682307052614,0.323310475419784
AAGAGCTCTTTATCGG-1,0.369605000170692,0.193148320634447,0,0.437246679194861
AAGAGGATGTACGCGA-1,0.10726323696793,0.177987938194435,0.497544385114709,0.217204439722926
AAGAGGCATGGATCGC-1,0.391445676660833,0.312524915153864,0,0.296029408185303
AAGAGGCCCTTTGGAA-1,0.291377696240096,0.173205561010835,0.111712490094481,0.423704252654588
AAGATGGCACCGGACC-1,0.477537690956565,0.218244580227272,0.0931531399977625,0.211064588818401
AAGCACCCTGCGTATC-1,0.425245919655211,0.150212775896226,0.0723409992081927,0.35220030524037
AAGCATACTCTCCTGA-1,0.625556867725774,0.0898175254861154,0,0.28462560678811
AAGCCGAAGCGGTTTA-1,0.35181502542348,0.130296310627307,0.0556899807691754,0.462198683180038
AAGCGCAGGGCTTTGA-1,0.508378076607018,0.201279865857043,0.0500457512237712,0.240296306312167
AAGCGTCCCTCATCGA-1,0.321257444162828,0.395865680957783,0.163236467654108,0.119640407225281
AAGCTAGATCGAGTAA-1,0.565027300467661,0.224959620208069,0,0.210013079324269
AAGCTCGTGCCAAGTC-1,0.430502514642441,0.311735309957641,0,0.257762175399919
AAGCTCTTTCATGGTG-1,0.371308126646529,0.143296262562929,0,0.485395610790542
AAGGAGCGGTTGGTGC-1,0.396087712855942,0.368050177148425,0.0537732899437803,0.182088820051853
AAGGATCGATCGCTTG-1,0.587713850395364,0.234671603054581,0.055977557193014,0.121636989357042
AAGGCAGGCTGTCTCC-1,0.470432714124411,0.2708893060357,0,0.258677979839889
AAGGCTGTGCTCATCG-1,0.155929623297733,0.492762051667659,0,0.351308325034608
AAGGGACTATGCATTC-1,0.205561648774928,0.370792296789892,0.0672795871029432,0.356366467332237
AAGGTGATAAACCAGC-1,0.616201302892546,0.0795774295331144,0.0700808782693932,0.234140389304946
AAGTAGAAGACCGGGT-1,0.483514657207048,0.301438737546307,0.0533008909121592,0.161745714334486
AAGTAGTGACGCGAGG-1,0.0707065447393808,0.863155848893417,0,0.0661376063672024
AAGTCAATTGTCGTCA-1,0.438193879535403,0.0637702409645102,0.0732017138865377,0.424834165613549
AAGTGACGACCGAATT-1,0.0579143095624679,0,0.942085690437532,0
AAGTGAGTCGGGTTTA-1,0.267260900427804,0.468031365133256,0,0.26470773443894
AAGTGCAAAGGTAGAC-1,0.227808232677561,0.403214613068662,0.177164282011825,0.191812872241952
AAGTGCCTTGACTGTA-1,0.459124522721772,0.149247230476626,0.0671299846198365,0.324498262181766
AAGTGCGTTAGAATCT-1,0.0521959389065295,0.153423228994032,0.661878990218846,0.132501841880593
AAGTGTTTGGAGACGG-1,0.481840533789274,0.283247773863622,0,0.234911692347104
AAGTTCACTCCAAGCT-1,0.420143756296179,0.0845240607136549,0.0790336100734911,0.416298572916675
AAGTTCAGTCTGCGTA-1,0.621231132530608,0.0795009070412061,0,0.299267960428186
AAGTTCGGCCAACAGG-1,0,0.7173048779814,0,0.2826951220186
AATAACAACGCTCGGC-1,0.100513647156105,0.445065532216977,0.100677041877289,0.353743778749628
AATAACACTAGAACAA-1,0.313994423193121,0.330369240553773,0.097311528950745,0.258324807302361
AATAATCTTCGTATCG-1,0.584286173427972,0.141813346308656,0.0670006229435274,0.206899857319845
AATAGAACAGAGTGGC-1,0.328268531782664,0.410270383877184,0,0.261461084340152
AATAGAATCTGTTTCA-1,0.552334911505946,0.194876219648485,0,0.252788868845569
AATAGCTACCGCGTGC-1,0.583449532016688,0.113644310600152,0,0.302906157383161
AATAGTCCGTCCCGAC-1,0.337074429232613,0.391041659015945,0.0663731182487385,0.205510793502704
AATAGTCGCGAGTCGG-1,0.274580925925335,0.394366839611526,0.0751705200781344,0.255881714385005
AATATCGAATCAATGC-1,0.701571322218977,0.060030157900025,0,0.238398519880998
AATATCGAGGGTTCTC-1,0.625169042131147,0.184057928042172,0,0.190773029826681
AATCATGTAAAGACTC-1,0.436920333254535,0.251739632001789,0.0884163271528593,0.222923707590817
AATCCAAGGGCCTGAG-1,0.424630478890037,0.0993935376742875,0.0551312058968572,0.420844777538818
AATCGCCTCAGCGCCA-1,0.515650941487787,0.26095390347716,0,0.223395155035053
AATCGCGCAGAGGACT-1,0.455474871081674,0.308747068131711,0.0702881323420846,0.16548992844453
AATCGTGAGCCGAGCA-1,0.490004124035757,0.178038037431558,0.0541434316212907,0.277814406911394
AATCTAGGTTTACTTG-1,0.0850941646507398,0.248949288839036,0.0989442352094953,0.567012311300728
AATCTATGCCGGAGCC-1,0.539153704431541,0,0.0788090584440685,0.38203723712439
AATCTCTACTGTGGTT-1,0.151922217062779,0.227659869300164,0.399203505957132,0.221214407679925
AATCTGCGTTGGGACG-1,0.412569350916432,0.137497058549424,0.0947930965994813,0.355140493934663
AATCTGGCTTTCTAGT-1,0.190234311529208,0.351268717806299,0.222128601061755,0.236368369602738
AATGACAGCAATGTCT-1,0.0952555192911537,0.431283271063239,0.238862392468815,0.234598817176792
AATGACGTAGGATGTC-1,0.311738204288141,0.23963353388895,0,0.448628261822909
AATGACTGTCAGCCGG-1,0.275247576133924,0.33979532412657,0.0652049298912703,0.319752169848236
AATGATGCGACTCCTG-1,0.436368454159224,0.113789307658779,0.0721213705878367,0.37772086759416
AATGCAACCGGGTACC-1,0.507883497790979,0.0842324223932636,0,0.407884079815758
AATGCACCAAGCAATG-1,0.533549067986608,0.140162266205313,0.0567263073399449,0.269562358468134
AATGGTCCACCGTTCA-1,0.293369224392585,0.224849377307315,0.254771430854526,0.227009967445574
AATGTGCCCGAGGTGT-1,0.135939205552156,0.466058079763619,0.118432536804412,0.279570177879813
AATTAAAGGTCGGCGT-1,0.239453605801469,0.570265063394664,0.0738460725998544,0.116435258204012
AATTAACGGATTTCCA-1,0.436925227341609,0.152036909775306,0.0795495799909785,0.331488282892106
AATTAGCGCTGCAGCG-1,0.465014978130993,0.406619324381042,0,0.128365697487965
AATTCGATTCGAGGAT-1,0.38241905165775,0.217029213720173,0.057354525002167,0.34319720961991
AATTCTAGAGTTAGGC-1,0.489539288840718,0.340656705084166,0,0.169804006075116
AATTGAACGCTCTGGT-1,0.371990944213843,0.228867592690364,0,0.399141463095793
ACAAAGCATGACCTAG-1,0.411073023478804,0.395732896085726,0,0.19319408043547
ACAAATCGCACCGAAT-1,0.467654549561893,0.188510991429482,0.0701018958893491,0.273732563119275
ACAAATGGTAGTGTTT-1,0.523709395891508,0.366556175272983,0,0.10973442883551
ACAACAGCATGAGCTA-1,0.557277001082525,0.0914939352463407,0,0.351229063671134
ACAAGCAGTGCCTAGC-1,0.385702269145973,0.268081838335736,0,0.346215892518291
ACAAGGAAATCCGCCC-1,0.459160084932499,0.28667499625781,0,0.254164918809691
ACAAGGATGCTTTAGG-1,0.477147013539917,0.210937458200188,0.0857828663372215,0.226132661922674
ACAAGGGCAGGCTCTG-1,0.386229505356497,0.129446548833548,0.0547494071923965,0.429574538617559
ACAATAGTCGTACGTT-1,0.102646558860987,0,0.818084173217694,0.0792692679213197
ACAATCCATTTAAACC-1,0,0.415728412535268,0.463241251406352,0.121030336058381
ACAATGAATACGGAGA-1,0.436147159379055,0.444068536573644,0.119784304047301,0
ACAATTGTGTCTCTTT-1,0.52996843226098,0.0935310564108471,0,0.376500511328172
ACAATTTGGCCATATT-1,0.508598552120025,0.063706053546131,0.101524958742758,0.326170435591086
ACACAAAGACGGGTGG-1,0.373014395254993,0.282961590035612,0,0.344024014709395
ACACACCAGGACCAGT-1,0.555951375742175,0.14741274997107,0,0.296635874286755
ACACATGATCAAATCT-1,0.0823054809080375,0.0990550146973314,0.720886342308261,0.0977531620863697
ACACATTTCCGTAGAC-1,0.502794896419694,0.140471355121452,0.0600028295935973,0.296730918865257
ACACCACATAATTAGC-1,0.592165011015466,0.218255655911662,0.0549204308271593,0.134658902245713
ACACCCAGCATGCAGC-1,0.102538016760237,0.622011519973466,0,0.275450463266297
ACACCTTACTACTTGC-1,0.529345189257944,0.0842021219615711,0.0931265415011378,0.293326147279347
ACACGAGACTCCTTCT-1,0.488008934966228,0.182473497965916,0.100107822607032,0.229409744460824
ACACGGGAACTTAGGG-1,0.452076211661125,0.355004361346636,0,0.192919426992239
ACACGTAGGCCACAAG-1,0.4513082795123,0.273566856725341,0.0803275920829353,0.194797271679424
ACACTGATCAAGGTGT-1,0.297119485795065,0.43736470373144,0.0880326821168187,0.177483128356677
ACACTGGGACAGTCGT-1,0.399588204972936,0.140822518081948,0.152201703196048,0.307387573749068
ACAGAACTGAGAACAA-1,0,0.466427251780172,0,0.533572748219828
ACAGGCTTGCCCGACT-1,0.358921165760224,0.147188336206033,0.0553249627078177,0.438565535325925
ACAGGTGGAGGTGAGG-1,0.1931769110766,0.442504939650795,0,0.364318149272604
ACAGTAATACAACTTG-1,0.189576858686691,0.425075778362928,0.17859310956658,0.206754253383802
ACATAAGTCGTGGTGA-1,0.0876875266132337,0.494297120254346,0.0673026177189933,0.350712735413427
ACATAATAAGGCGGTG-1,0.483927812495493,0.142774677310667,0,0.373297510193841
ACATCAGCTGGGACGC-1,0,0.359312563645531,0.567766792835268,0.0729206435192017
ACATCCCGGCCATACG-1,0.381172960512155,0.345254374531481,0,0.273572664956364
ACATCCTGGTAACTGT-1,0.284518235259274,0.418735620510934,0.0505684011557895,0.246177743074003
ACATCGATCGTTTACC-1,0.419219382113334,0.241518609016043,0,0.339262008870622
ACATCGGTCAGCCGCG-1,0.0999978620318799,0.587803254701095,0,0.312198883267025
ACATCGTATGCAATGG-1,0.502399246607917,0.185058489034803,0.0704114054039273,0.242130858953353
ACATGGCGCCAAAGTA-1,0.543731139335395,0.238207132664139,0,0.218061728000466
ACATTAGTTTATATCC-1,0.413210770226514,0.347340080876561,0,0.239449148896925
ACCAACACCACACACT-1,0.595663709748404,0.0897475632975404,0,0.314588726954055
ACCAACGCTTATTTAT-1,0.466036979101358,0.281694599324934,0.0680670772980968,0.184201344275611
ACCAAGAACGCGTGTC-1,0.189262349088526,0.370894972511198,0.0796471425002614,0.360195535900015
ACCAATATGCAAGTTA-1,0.432885739289212,0.284314449832298,0,0.28279981087849
ACCACAAGTTTCTATC-1,0.182809097319639,0.339942329275079,0.0706198447529071,0.406628728652376
ACCACCAATGTAACAA-1,0.458474400173418,0.110315125037564,0,0.431210474789018
ACCACCCTCTCTTCTA-1,0.503450148263952,0.153364311522465,0,0.343185540213582
ACCACGTGCAGCTATA-1,0.431822683258733,0.195304211318649,0,0.372873105422618
ACCAGTGCGGGAGACG-1,0.50814384662202,0.118557133957401,0,0.373299019420579
ACCATATCCGCAATAA-1,0.414234439543106,0.283476235676762,0.0602095733952057,0.242079751384926
ACCATCCGCCAACTAG-1,0.109150944955982,0.606376069368901,0.120621208829164,0.163851776845954
ACCATCGTATATGGTA-1,0.209571755608303,0.401363757654598,0.0582875678264436,0.330776918910655
ACCCATCTTGAGGGTA-1,0,0.665557749210506,0.0552318741816906,0.279210376607803
ACCCGAGCGAAATTAC-1,0.216631809564278,0.389326179392698,0.146724018350827,0.247317992692198
ACCCGGAAACTCCCAG-1,0.598434930755439,0.245023223087218,0,0.156541846157343
ACCCGGATGACGCATC-1,0.438011026313663,0.318553111897567,0.0892100030790672,0.154225858709703
ACCCGGTTACACTTCC-1,0.21710014543764,0.468213939440846,0.0986155993893713,0.216070315732143
ACCCTATGCCATATCG-1,0.370428307522956,0.182673237036224,0.155586059841835,0.291312395598985
ACCCTCCCTTGCTATT-1,0.491515439865457,0.194595988729298,0.0607249646886483,0.253163606716596
ACCCTGGTAACGCCCT-1,0.437167741360765,0.253452695224713,0,0.309379563414522
ACCGAAGAGTCTGGTT-1,0.181396052018814,0.28303226245239,0.0776032909810242,0.457968394547772
ACCGACTGAGTCCCAC-1,0.634409432461539,0.136957161340548,0,0.228633406197913
ACCGATATTTAATCAT-1,0.428918668347163,0.291253049498189,0.126709976823353,0.153118305331296
ACCGATGGTAGCATCG-1,0.416893627057667,0.173742701114184,0,0.409363671828148
ACCGCAATAACTGCCT-1,0.377750883634682,0.25611878097486,0,0.366130335390458
ACCGCGGTGGAAGTCG-1,0.463565347679437,0.0827317825230167,0.0526520910558566,0.40105077874169
ACCGGGCCTTTGTTGA-1,0.40423097012479,0.319356482257036,0.0831597272751582,0.193252820343015
ACCGGTCAGGTACACC-1,0.145456069997648,0.329734684891151,0.167219159166063,0.357590085945138
ACCGTGACCACGTGGG-1,0.338864216887782,0.517862417320586,0,0.143273365791633
ACCTAAGTACCTTTCA-1,0.09499282742861,0.596981218485098,0,0.308025954086292
ACCTAATCGACTTCCT-1,0.0776875622644974,0.78287910559145,0,0.139433332144053
ACCTACAGTATGTGGT-1,0.476250590254169,0.135315114799527,0,0.388434294946305
ACCTCCGCCCTCGCTG-1,0.499446573012961,0.102210768041184,0.0931506800390691,0.305191978906786
ACCTCCGTTATTCACC-1,0.421284196350546,0.177191254639187,0.0632280106754932,0.338296538334773
ACCTGCGTGTCATGTT-1,0.0635673081517602,0.20613321171626,0.497285154002453,0.233014326129527
ACGAGGATACCACTCT-1,0.05699378740576,0.509228573056388,0,0.433777639537852
ACGAGGTTTACAACGT-1,0.131492931702228,0.467992525874898,0.0753971519911847,0.32511739043169
ACGAGTACGGATGCCC-1,0.608999013807426,0.125639388291309,0,0.265361597901265
ACGATACCTATCCTGA-1,0,0,1,0
ACGATCATACATAGAG-1,0.593115868906883,0.0528511076951821,0,0.354033023397935
ACGATCATCTTGTAAA-1,0.460120135801364,0.253536736306688,0.0883523479419577,0.19799077994999
ACGATGCATATGTTAT-1,0.167978977148509,0.486162657638512,0.0934893507462642,0.252369014466714
ACGCAAACTAATAGAT-1,0.208582110057325,0.493131690121225,0.0572376204211881,0.241048579400261
ACGCAATCACTACAGC-1,0.51780604624033,0.0764398314075589,0,0.405754122352111
ACGCATACGTTTACTA-1,0.641850529348811,0.275594761079513,0,0.0825547095716763
ACGCATTCGTGAGTAC-1,0.448725581272157,0.198814647503463,0,0.35245977122438
ACGCCGCTAGACGACC-1,0.49055444920633,0.141700008831107,0.0575303275189647,0.310215214443598
ACGCGAAGTCAGACGA-1,0.57058376307178,0.230791374061819,0,0.198624862866401
ACGCGCTACACAGGGT-1,0,0.339234728885299,0.422536869628396,0.238228401486305
ACGCGGGCCAAGGACA-1,0.412619387740358,0.229775202591728,0,0.357605409667914
ACGCGTTTCTTAAGAG-1,0.127543736401506,0.354928502235275,0.189571180377092,0.327956580986127
ACGCTAGTGATACACT-1,0.493682530313014,0.279742509182814,0.062566749719394,0.164008210784778
ACGCTGTGAGGCGTAG-1,0,0.147909886964034,0.647691644099519,0.204398468936446
ACGGACTCTCAAAGCG-1,0.394822482978157,0.328573699392759,0.0726466566622392,0.203957160966844
ACGGAGCGCAAATTAC-1,0.648720295498543,0.0777236512083345,0,0.273556053293122
ACGGATGGTGCGGATA-1,0.374745994697983,0.15088976381898,0,0.474364241483037
ACGGCACTTGCTTGGG-1,0.346451547964087,0.327982068000952,0.081948743328878,0.243617640706083
ACGGCCAACATGGACT-1,0.422509519709396,0.325178418491074,0.0700362961454766,0.182275765654053
ACGGCGACGATGGGAA-1,0.296118961671254,0.531115513230145,0,0.172765525098601
ACGGCTGGATGTAGAA-1,0.279444042731488,0.339095934262688,0.125511982671085,0.255948040334738
ACGGGAGTGTCGGCCC-1,0,0.241017728668516,0.475366456648907,0.283615814682576
ACGGGCGTATGCGACA-1,0.54517674424977,0.171094184352297,0,0.283729071397933
ACGTAGATTGCTGATG-1,0.357595734453748,0.355601704319135,0,0.286802561227117
ACGTAGGAGAGTCGCT-1,0.29145165203024,0.190625560268796,0.0559808059924192,0.461941981708544
ACGTATTACTCCGATC-1,0.652327060374793,0.0812693480406036,0,0.266403591584603
ACGTCTCGTTCCGGGA-1,0.0822980188018605,0.318529669033675,0.499724310080316,0.0994480020841486
ACGTGACAAAGTAAGT-1,0.159426821918045,0.47355532786781,0.106515629249902,0.260502220964243
ACGTTAATGTCGAAGA-1,0.294151495644796,0.214518605963252,0.129160390700278,0.362169507691673
ACGTTAGATTTGCCCG-1,0.0808104786497116,0.919189521350288,0,0
ACGTTATTGGTCACTC-1,0.218685640259856,0.323489646429373,0,0.45782471331077
ACGTTCGCAATCAATT-1,0.391109575493742,0.262379501527744,0,0.346510922978514
ACGTTCTGTACAAGTC-1,0.488246461582528,0.0899689928189629,0.0782666044615151,0.343517941136994
ACTACAAAGAGAGGTG-1,0.333805559430808,0.110909245094315,0,0.555285195474877
ACTAGTTGCGATCGTC-1,0.405053137300115,0.171523042487056,0.0774204967482282,0.346003323464601
ACTATCCAGGGCATGG-1,0.655484064746522,0.165881673449519,0,0.178634261803959
ACTATCTGCCCGCGTA-1,0.718817805357966,0.0647859025299452,0,0.216396292112088
ACTATTTCCGGGCCCA-1,0.360158852402544,0.329750964612556,0.0944391814898394,0.215651001495061
ACTCAAGTGCAAGGCT-1,0.362767773249605,0.306651639164311,0,0.330580587586084
ACTCAATAAAGGCACG-1,0.492982982793223,0.0974865150824321,0,0.409530502124345
ACTCCAATATCATCAT-1,0.13344296160014,0.481579645980728,0.068588680034546,0.316388712384586
ACTCCCATTCCTAAAG-1,0.125364817654054,0.441192418423295,0.176093767618476,0.257348996304175
ACTCCCGAATTCGTTT-1,0.657255144628552,0.106708944926852,0.106352426473967,0.129683483970629
ACTCCCTAATGCTAAA-1,0.463177140493252,0.223716798597699,0,0.313106060909049
ACTCCCTAGAATAGTA-1,0.480527322846353,0.179801515294153,0.0900947399747581,0.249576421884737
ACTCGATGTATTTCAT-1,0.205489265645686,0.545435709839618,0.0706155962246724,0.178459428290024
ACTCGCGATCTGACGC-1,0.616002249869138,0.141219005951632,0,0.24277874417923
ACTCGTAACCCGTCCT-1,0.0864352014209687,0.473123231255679,0,0.440441567323352
ACTCGTCAGTAATCCC-1,0.357593595270064,0.253969717250578,0,0.388436687479358
ACTCTAAACCTGGGAT-1,0.185279897719867,0.552422134969257,0.123204124580518,0.139093842730359
ACTCTCTGACTTAGGT-1,0.504295240601866,0.168314301909237,0,0.327390457488897
ACTCTTCAGCTCCCGC-1,0.476426368897565,0.144890466815477,0,0.378683164286959
ACTCTTGTATAGTAAC-1,0.397882413701571,0.279665588664369,0,0.322451997634061
ACTGAAACGCCGTTAG-1,0.431527839709509,0.197066890234412,0,0.371405270056079
ACTGAATGGCGAAAGT-1,0.405788341895811,0.131650956779098,0,0.462560701325091
ACTGCGGACACACCGT-1,0.597386451850414,0.107412640499926,0,0.29520090764966
ACTGCTCGGAAGGATG-1,0.227305970662607,0.306155119666327,0.180244924784527,0.28629398488654
ACTGGGATGCCAGTGC-1,0.298509487800435,0.33403632055949,0.0612848318752277,0.306169359764847
ACTGTACGATACACAT-1,0.437988373213374,0.166649372739193,0.0631888272136207,0.332173426833812
ACTGTCCAGGATTATA-1,0.335250642860367,0.413599625654022,0,0.251149731485611
ACTGTCTTCTTTAGAA-1,0.54094569936267,0.15802152633669,0,0.30103277430064
ACTTACGCATCCACGC-1,0.633672948858893,0.250012785806845,0,0.116314265334261
ACTTATACTTACCCGG-1,0.512147565823661,0.0806854037013714,0.0540886211785323,0.353078409296435
ACTTATTAGGATCGGT-1,0.158885773974579,0.421387953411541,0.0961134669506104,0.323612805663269
ACTTATTTATGTGCCA-1,0.489250376619344,0.198208121006719,0.0856087252463953,0.226932777127542
ACTTCAGGCTGATCCC-1,0.520178934765076,0.148548502657811,0.0549758099310333,0.276296752646079
ACTTCCATGCGGGACA-1,0.197129498018161,0.479386620067348,0.057400430569523,0.266083451344969
ACTTCGCCATACGCAC-1,0.530525393973385,0.104760784106327,0,0.364713821920288
ACTTCGCTAGCGAGTG-1,0.532980201205225,0.15805369456173,0,0.308966104233044
ACTTGACTCCCTCTTT-1,0.365634037844576,0.285634527532329,0.0510456116834604,0.297685822939635
ACTTGGGACCCGGTGG-1,0.263692270617386,0.440312458888074,0.0803198631410153,0.215675407353525
ACTTGTAGTCCCTTCA-1,0.0619789210872594,0.701484367263412,0,0.236536711649329
ACTTGTGGATGGAACG-1,0.344637636757356,0.270128541415199,0,0.385233821827445
ACTTGTTACCGGATCA-1,0.264351416703236,0.221429693924564,0.101758081556565,0.412460807815635
ACTTTACCCTCATGAA-1,0.402033498794476,0.151514734006908,0.0819907593759774,0.364461007822638
ACTTTCCTATAGCTTC-1,0.526460963667347,0.138444813203111,0,0.335094223129542
ACTTTGACTGCATCCT-1,0,0,1,0
ACTTTGGTCGTGCTCC-1,0.200425971224286,0.298692585043648,0.161245373581034,0.339636070151032
ACTTTGTCGACGCACT-1,0.399206066750419,0.255030122178357,0.0587442045607223,0.287019606510502
AGAAATTATGACTCGC-1,0.493365808560788,0.0726414315364987,0,0.433992759902713
AGAACCCAGCGTGACA-1,0.419248478525534,0.268993703524107,0,0.311757817950359
AGAACGTGGTACATTC-1,0.473723348573444,0.130120760241948,0,0.396155891184608
AGAAGGTACACTTCAC-1,0.159362274311193,0.332780396188773,0.19268892560707,0.315168403892964
AGAAGGTTGCCGAATT-1,0.163579910251992,0.404393825236985,0.0895178707673849,0.342508393743638
AGAAGGTTGTAGGTCG-1,0.572141890214317,0.231476666254182,0,0.196381443531501
AGAAGTGATTCGTGAT-1,0.0971897979722695,0.125834034127202,0.660776011398898,0.116200156501631
AGAATAAATCTTCAGG-1,0.101502070279559,0.222535757541019,0.588118517400642,0.0878436547787804
AGAATTATGGATTCGA-1,0.363312062674335,0.42119233352757,0.0577287608969892,0.157766842901105
AGACAGCTCAGAATCC-1,0.250539217499074,0.317020909893504,0.188305744713559,0.244134127893863
AGACCAAACCACACCT-1,0.123071708412166,0.429646744725516,0.0970660050161743,0.350215541846144
AGACCCACCGCTGATC-1,0.447062559194124,0.318531490491741,0,0.234405950314135
AGACCCGCCCTCCTCG-1,0.285376950631388,0.376111459624213,0.0527204126016585,0.285791177142741
AGACCGCTCCGCGGTT-1,0.498504724925144,0.223951406084448,0.131158826842701,0.146385042147708
AGACCGGGAAACCCTG-1,0.0637183691200168,0.0905784348523359,0.738746388086083,0.106956807941564
AGACGAAGTGCCGGTC-1,0.677224915780734,0.0621357326420612,0,0.260639351577205
AGACGACGATGCCGCT-1,0.323072635658037,0.197631366773248,0.128058538963501,0.351237458605214
AGACTAGCCTTCCAGA-1,0.311290904538984,0.451767035977209,0.0535008812179724,0.183441178265834
AGACTGTTACCGGGTC-1,0.0838639072327236,0.637685853648618,0,0.278450239118659
AGAGAAGGAGTACAAT-1,0.17011495934454,0.429372318524911,0.051050794955734,0.349461927174815
AGAGATCTCTAAAGCG-1,0.070390545713353,0,0.929609454286647,0
AGAGCAGTTATGAGAC-1,0.246410839245565,0.336691943244036,0,0.416897217510399
AGAGCCGCCGAGATTT-1,0.451930720280444,0.199760806049924,0.0829456143345778,0.265362859335054
AGAGGCTTCGGAAACC-1,0.525441908196037,0.228601133284399,0,0.245956958519564
AGAGTAAACTTCACTA-1,0.645535705330722,0,0,0.354464294669278
AGAGTATAGTGTTACG-1,0.48038934844285,0.116807613469783,0,0.402803038087367
AGATAACTTCAGGGCC-1,0.286150697544108,0.399801298860104,0.0713918247283643,0.242656178867423
AGATACCGGTGTTCAC-1,0.0910070309117751,0.679933096809006,0.0608892240082001,0.168170648271019
AGATACTCAAGATCGA-1,0.422669647316732,0.285896352701719,0,0.291433999981548
AGATATAATACGACTA-1,0.281557354150027,0.164404039736517,0,0.554038606113456
AGATCGTGCATAAGAT-1,0.628519208751352,0.0898286359470816,0,0.281652155301566
AGATCTCAGGTGTGAT-1,0.608583405030496,0.0863150058313135,0,0.305101589138191
AGATGACTCGCCCACG-1,0.0875077439232843,0.402791542714858,0.0583563379456568,0.451344375416201
AGATGATGGAGTCTGG-1,0.564822439889792,0.152558522432916,0.0864232462132664,0.196195791464026
AGATGCAAGACGTGCA-1,0.129383178107221,0.483676859026879,0.126621448336633,0.260318514529267
AGATGCATCCTGTGTC-1,0.166822050771142,0.366594575245876,0.124146310531483,0.3424370634515
AGATTATAGGACGTTT-1,0.354944487767654,0.239292401371286,0,0.405763110861061
AGATTCACAACCGATA-1,0.165974961046458,0.325181388582322,0.185576520667826,0.323267129703394
AGCAAAGGCCGCTAGT-1,0.409367958272537,0.198344465544442,0,0.392287576183021
AGCAACATATCTTATT-1,0.375248055736636,0.102978066745471,0.100981907666378,0.420791969851515
AGCAACCGAAAGTAAT-1,0.108677390668841,0.350696529868464,0.108648017955863,0.431978061506831
AGCACCAGTACTCACG-1,0.69169004099222,0.100395980911299,0,0.207913978096482
AGCACTACCTCACCAG-1,0.38854034694633,0.182707995434831,0.0673566468966864,0.361395010722153
AGCACTTAAGGACGCC-1,0,0.738621750503498,0.0525797212118775,0.208798528284625
AGCAGCCAGATGAATA-1,0.341033725527001,0.332413415906311,0.0904083635728751,0.236144494993813
AGCATATCAATATGCT-1,0.369543334259777,0.2523539720595,0,0.378102693680723
AGCATCATTTCGAAAG-1,0.135536782814508,0.394297296632921,0.200036548685118,0.270129371867453
AGCATCGTCGATAATT-1,0.232237737500862,0.359351218862398,0.0709706559776393,0.337440387659101
AGCCATATAGTATGTG-1,0.219879908057598,0.516800462216712,0.170446001713862,0.0928736280118278
AGCCCATACATGTAAG-1,0.0768126324861014,0,0.870511716337384,0.0526756511765144
AGCCCGCAACAAGCAG-1,0.301783345319754,0.332565599706694,0.0884647350693427,0.27718631990421
AGCCCTGTCGCACCGT-1,0.616798016673017,0.153445509386656,0.0510635609908619,0.178692912949466
AGCCCTTCTAATCCGA-1,0.618301501093711,0.213911428479475,0,0.167787070426814
AGCCCTTGGACATCCC-1,0.352782810497665,0.439285582295369,0,0.207931607206966
AGCCGTGGCTAAATGT-1,0.093124585553476,0.27402588121259,0.234809436451482,0.398040096782452
AGCCTAATACCCACGT-1,0.093718182772904,0.372821182023587,0.16987408849354,0.363586546709969
AGCCTTAAAGCGGAAG-1,0.252546869042498,0.452717530523092,0.0711361317501274,0.223599468684282
AGCGACAGGAACGGTC-1,0.223965595427401,0.327131966533911,0.0965314828052777,0.35237095523341
AGCGACATCCCATTCA-1,0.423703566676448,0.24744063545283,0.0780378712657579,0.250817926604964
AGCGACCAACGATATT-1,0.243060549591949,0.548047624618173,0.0723617860510289,0.13653003973885
AGCGCATAATGAATCG-1,0.320201302059802,0.289393246388555,0,0.390405451551643
AGCGCTAGAGCGATGT-1,0.602343210587221,0.0598581311978134,0,0.337798658214965
AGCGGCGGTTAGCGGT-1,0.212969655692966,0.315267284980347,0.0788637701223225,0.392899289204365
AGCGTGGTATTCTACT-1,0.317610541014893,0.303022899863878,0,0.379366559121229
AGCTAACAAGCAATGT-1,0.164202275827061,0.470989784974629,0.129141849291979,0.235666089906331
AGCTAGAAGCAGAAGT-1,0.627991267401935,0.153447855089921,0,0.218560877508144
AGCTCCATATATGTTC-1,0.476981697159778,0.192638590855456,0.0632231119886805,0.267156599996086
AGCTCCTTCGCACATC-1,0.468811259489705,0.219833422620575,0,0.31135531788972
AGCTCTAGACGTTCCA-1,0.434183100109723,0.202495701102632,0.072742228425025,0.29057897036262
AGCTCTTCCCAGTGCA-1,0.463628152598421,0.130103143983283,0,0.406268703418296
AGCTCTTCGTAACCTT-1,0.432756951380639,0.268003994663856,0,0.299239053955505
AGCTCTTTACTCAGTT-1,0.168660912494655,0.541706703939282,0.0845416939147536,0.205090689651309
AGCTGTAACCTCAATC-1,0.0840497293015226,0.378645472367045,0.14227854699265,0.395026251338783
AGCTTGATCTTAACTT-1,0.0737495852538277,0.12096709662304,0.805283318123133,0
AGGACAGTCGAATCCC-1,0.504283251267233,0.140786505765294,0,0.354930242967473
AGGACGACCCATTAGA-1,0.140912602296054,0.478969232696757,0.109609078260758,0.270509086746431
AGGACGCTCGATGTTG-1,0.530951781344907,0.218035493113013,0.0627704801538562,0.188242245388223
AGGAGACATCCACAGT-1,0.552077343156992,0.115197789824897,0,0.332724867018111
AGGAGAGTCTGGCTAC-1,0.40772490981581,0.193294994652076,0,0.398980095532114
AGGAGGCCTTCGCGCG-1,0.552628656778799,0,0.0851486286798087,0.362222714541393
AGGATAAAGTCGGGAT-1,0.509456245531752,0.226915540951019,0,0.263628213517229
AGGATATAGGGATTTA-1,0.672421218152613,0.0868039794573145,0.0894122745709076,0.151362527819165
AGGATCACGCGATCTG-1,0.123577215948334,0.40017049215527,0.282234332493502,0.194017959402895
AGGATTGCTTACGACA-1,0.700056393452418,0.0920628530825407,0,0.207880753465041
AGGCACGTGACTGTCC-1,0.428903691137755,0.442938443042476,0,0.128157865819769
AGGCATTGTCGTAGGG-1,0.421645627387607,0.333792171295178,0,0.244562201317215
AGGCCACATTGGTTAC-1,0.44386988965528,0.0886750677625227,0,0.467455042582197
AGGCCCATTGTACAGG-1,0.36758541740937,0.299579357852191,0.0672445332434614,0.265590691494978
AGGCCCTAGAACGCCA-1,0,0.0686177470374287,0.931382252962571,0
AGGCCTATCATACCAA-1,0.217799174106953,0.295351598415559,0,0.486849227477488
AGGCGGTTTGTCCCGC-1,0.321979134301135,0.337773511058788,0.146609143623902,0.193638211016176
AGGCTTCCCGAAGAAG-1,0.292596222462264,0.402514879836659,0.063321135430508,0.241567762270569
AGGCTTGCTAGACACC-1,0.190499035494612,0.586968817146729,0.0803939223511002,0.142138225007559
AGGGACCGGCTGCGTT-1,0.57340719033499,0.106741860141899,0.0554157003375914,0.264435249185519
AGGGACTCTACGCGAC-1,0.345131337895194,0.401537749487239,0,0.253330912617567
AGGGAGACATACTTCG-1,0.305982620111206,0.223884425765784,0.0851809465694205,0.384952007553589
AGGGCGAGCAGCTGAT-1,0,0.178710683001144,0.821289316998856,0
AGGGCGTGATCGGCTA-1,0.541432648805652,0.204798355410685,0.0867294611650326,0.167039534618631
AGGGCTGCAGTTACAG-1,0.367557848194812,0.343713992801404,0,0.288728159003784
AGGGTCGATGCGAACT-1,0.628988788151772,0.17862749668435,0,0.192383715163878
AGGGTGCTCTCGAGGG-1,0.411680145885602,0.210338357336255,0.102892491650378,0.275089005127765
AGGGTGGATAGTGCAT-1,0.285625018033925,0.352939027700384,0.125784398535639,0.235651555730052
AGGGTTTAGTTCGGGA-1,0.460690357446657,0.16317388003517,0.0725207499519403,0.303615012566234
AGGTAGATCGAGATAT-1,0.144974893047144,0.594655914262279,0.120278354693887,0.140090837996691
AGGTAGGTACAAAGCT-1,0,0.720995496960834,0.065104641788974,0.213899861250192
AGGTATAATTGATAGT-1,0.656938860866011,0.0733961498148857,0.0755576617799362,0.194107327539168
AGGTATGCGGACATTA-1,0.424541386727482,0.154852973049745,0,0.420605640222773
AGGTCAGGTGAGAGTG-1,0.287324537848283,0.223854153403361,0.29223710966369,0.196584199084666
AGGTCGCGGAGTTACT-1,0.634212905240298,0.063672954625255,0.0546970460016853,0.247417094132762
AGGTGTATCGCCATGA-1,0.0570820470377867,0,0.849093522446555,0.0938244305156585
AGGTTACACCATGCCG-1,0.347991394737784,0.166009300182888,0,0.485999305079328
AGGTTTCACACACCTT-1,0.510379989121445,0.228845696611175,0.0633871008589968,0.197387213408384
AGTACAGAAGCTTATA-1,0.385971691357576,0,0.0564984703868173,0.557529838255607
AGTACATCATTTATCA-1,0.55240469813068,0.271751250343788,0,0.175844051525532
AGTACGGCCCGTATCG-1,0,0,1,0
AGTACTCTTATGCCCA-1,0.351180058935019,0.455409811691705,0.0532445528486192,0.140165576524656
AGTAGAAGGCGCCTCA-1,0.461501932855518,0.227158775921004,0.151646505544026,0.159692785679452
AGTAGGAAGGAAGTTG-1,0.489422439499917,0.206507993679803,0,0.30406956682028
AGTAGGTAACATACAT-1,0.173407104000595,0.520829782897241,0.0884375937010228,0.217325519401141
AGTATACACAGCGACA-1,0.457706376717897,0.15648779419716,0.112336849581429,0.273468979503514
AGTATGCTGGAGACCA-1,0.186420171174805,0.422897383111744,0,0.390682445713451
AGTCAACACCACCATC-1,0.180987225100778,0.595899262386018,0,0.223113512513205
AGTCAAGATGACACTT-1,0.54031715935154,0.199935135798659,0,0.259747704849801
AGTCACTAGCTCTCGA-1,0.581156889040458,0.135112137938483,0,0.283730973021058
AGTCCATTGGCTGATG-1,0.34760634825716,0.215389607708891,0.129629345777724,0.307374698256225
AGTCCCGCCTTTAATT-1,0.461171147171573,0.287115748278853,0,0.251713104549574
AGTCCCTCGCAGAAAG-1,0.407440857831084,0.0867756863441425,0,0.505783455824774
AGTCGACGGTCTCAAG-1,0.341250230273616,0.211356359748076,0.0884742618886319,0.358919148089676
AGTCGGCTCAACTTTA-1,0.0948377042911541,0.351612465992192,0.233586278408218,0.319963551308436
AGTCGGTTGCGTGAGA-1,0.449967113400608,0.224197067848729,0.143448432791893,0.18238738595877
AGTCGTATAAAGCAGA-1,0.252077871862934,0.364071744023814,0.0910552157548399,0.292795168358412
AGTCGTCGACCACCAA-1,0.288198421764002,0.224393438443742,0,0.487408139792256
AGTCGTGGGCATTACG-1,0.151565642887444,0.640494656519004,0,0.207939700593552
AGTCTAAAGTATACTC-1,0.485176880270612,0.187496488614765,0.0568111390222274,0.270515492092397
AGTCTCACAAGACTAC-1,0.207138142992885,0.33372023109408,0.114598069232799,0.344543556680237
AGTCTTCTCCTCAAAT-1,0.611242503878795,0,0,0.388757496121205
AGTCTTTAAAGTGTCC-1,0.245184073934737,0.206616236797221,0.0952215258725247,0.452978163395517
AGTGAACAAACTTCTC-1,0.412195675818474,0.117078871230048,0.0517078563891243,0.419017596562354
AGTGAAGATGGTGTCC-1,0.588773202746553,0.159418544964684,0,0.251808252288762
AGTGACCTACTTTACG-1,0.438345661331735,0.319879450753701,0,0.241774887914565
AGTGAGACTTCCAGTA-1,0.488439936381566,0.27445028877126,0.092505718375868,0.144604056471305
AGTGAGCCTCGCCGCC-1,0.480412113894576,0.184044930947318,0,0.335542955158106
AGTGATAACCTGCGCG-1,0.398694523211704,0.403657943834994,0.0550861348384917,0.14256139811481
AGTGATATGAGTAGTT-1,0.372570143974345,0.327197041536872,0.143176332419312,0.157056482069472
AGTGATTCAAGCAGGA-1,0.407754274598907,0.161362327977911,0,0.430883397423181
AGTGCACGCTTAAGAA-1,0.396451558643975,0.229903905146501,0.10880527532915,0.264839260880373
AGTGCGTAGCTCGTAA-1,0.267605297462985,0.360007035804111,0.0791781000259257,0.293209566706978
AGTGCTTGCACGAATA-1,0.407094638878159,0.278353909080304,0.0805871633151782,0.233964288726359
AGTGGCGTCTGAAGGT-1,0.391912540735484,0.234725279044431,0.0774661823224429,0.295895997897642
AGTGGCTCCGTCGGCC-1,0,0,1,0
AGTGGTGTTACCCGTG-1,0.22771369394221,0.406087435045334,0.282949538220164,0.0832493327922922
AGTGTATTGCGCATTG-1,0.378361624204297,0.245595433546168,0,0.376042942249535
AGTTAAACACTTGCGA-1,0.256952024781359,0.463503321221478,0,0.279544653997163
AGTTAAGTCAACCGCT-1,0,0.465562186273302,0.15799174498356,0.376446068743138
AGTTACCCTTAAGACT-1,0.227689237581494,0.397948195305626,0.112704369989866,0.261658197123014
AGTTACCGCACATGGT-1,0.200719392759623,0.476886015430723,0,0.322394591809654
AGTTACTCTATCGTGG-1,0.518092250640182,0.26804587986911,0.0622403469849355,0.151621522505773
AGTTCACCGGTTGGAC-1,0.0979035710732876,0.490586189459889,0.100150447654507,0.311359791812317
AGTTCCTACAGAATTA-1,0.374159615576655,0.303404829276929,0,0.322435555146417
AGTTCCTATTTATGTT-1,0.418698769433266,0.17842394109744,0,0.402877289469295
AGTTGACGGTCCTTGC-1,0.351655282115191,0.200797334412779,0.104040852166647,0.343506531305384
AGTTTATGTAAAGACA-1,0.555222153565731,0.133257696345124,0.0561811665730038,0.25533898351614
AGTTTGCACCTGCCTC-1,0.425097997824435,0.24690545510413,0.0846352059717944,0.24336134109964
AGTTTGGCACGGGTTG-1,0.49300004909536,0.270891334023309,0,0.236108616881331
AGTTTGGCCAGACCTA-1,0.0869325085375196,0.474272651899021,0.138480043024042,0.300314796539417
ATAAACGGACCCGTAA-1,0.468653856590685,0.370576385963905,0,0.160769757445409
ATAAACGTTGCACCAC-1,0.272248515430239,0.280137514419399,0.0754262261287108,0.372187744021651
ATAAAGGCTCGGTCGT-1,0.249483183421612,0.460332990739129,0.0806550543913583,0.209528771447901
ATAAATATTAGCAGCT-1,0.124374743673927,0.347294412600963,0.226521360742654,0.301809482982456
ATAACGCCGGAGGGTC-1,0.351541309517608,0.228667484879563,0,0.419791205602829
ATAACGGAGTCCAACG-1,0.487593921170442,0.298438205116228,0.0530627858856314,0.160905087827698
ATAAGGTGGAGAACAT-1,0.400859756235713,0.26960866101509,0.0647436801099088,0.264787902639288
ATAAGTAGGATTCAGA-1,0.649309767188338,0.279334985391669,0,0.0713552474199935
ATAAGTAGGGCGACTC-1,0.539871575084733,0.113361094503487,0.105246353206034,0.241520977205746
ATAAGTTACCGCGACG-1,0.314908139960581,0.414786312927538,0.054621595865605,0.215683951246276
ATAATAGCTGTTGAAT-1,0.371672638713135,0.250713795355891,0.07072816659874,0.306885399332234
ATAATCTTGGAGAACC-1,0.523314618287292,0.140084918519716,0,0.336600463192991
ATACAGGCCCTCCAAT-1,0.447548981660543,0.179086404536024,0.0700686967910224,0.30329591701241
