gene,t1_melanocytes,t2_melanocytes,t3_melanocytes,t4_melanocytes,t5_fibroblasts
AAACAGAGCGACTCCT-1,0.266408477918499,0.28297525875099,0.210938315232634,0.239677948097877,0
AAACCGGGTAGGTACC-1,0.294063062415245,0.176188531730578,0.213475142346121,0.199129223318525,0.117144040189531
AAACCGTTCGTCCAGG-1,0.200529376282534,0.21252734491265,0.262726708298909,0.248115211497794,0.0761013590081132
AAACCTCATGAAGTTG-1,0.20730471092788,0.230245866964376,0.21408018779214,0.223361267786667,0.125007966528937
AAACGAGACGGTTGAT-1,0.168704395536137,0.197944869182808,0.227151713816265,0.218287298257449,0.187911723207341
AAACTGCTGGCTCCAA-1,0.123291578624037,0.179395282311564,0.199270924571563,0.168023193709464,0.330019020783372
AAAGACCCAAGTCGCG-1,0.19157834039126,0.185084539925785,0.14143411711736,0.20508300910951,0.276819993456084
AAAGGGATGTAGCAAG-1,0.181297127051225,0.236851217305138,0.170262328660031,0.286614862268572,0.124974464715034
AAAGGGCAGCTTGAAT-1,0.192538744456338,0.148416062120835,0.149900092019216,0.217292831362656,0.291852270040954
AAAGTCACTGATGTAA-1,0.156400627599449,0.218955357823978,0.142376595956813,0.216443090915072,0.26582432770469
AAAGTGTGATTTATCT-1,0.0608065408108708,0,0.055602209542374,0,0.883591249646755
AAAGTTGACTCCCGTA-1,0.226624215708798,0.14011842158978,0.230013869620857,0.126091827681543,0.277151665399022
AAATAACCATACGGGA-1,0.163699105946436,0.155479082393325,0.132036948716753,0.113919725824514,0.434865137118973
AAATACCTATAAGCAT-1,0.211625816201947,0.201073947433083,0.179321894604398,0.209283275258346,0.198695066502227
AAATCGTGTACCACAA-1,0.214746040318889,0.230545433211655,0.281040928248663,0.217360458900726,0.056307139320067
AAATGGCATGTCTTGT-1,0.164048131795651,0.251380886530589,0.205542468916695,0.144296362911957,0.234732149845108
AAATGGTCAATGTGCC-1,0.195398050322215,0.24208679852505,0.260340780944054,0.302174370208681,0
AAATTAACGGGTAGCT-1,0.230960333159841,0.261672660157366,0.251051566854447,0.256315439828347,0
AAATTACACGACTCTG-1,0.140367003386304,0.139170996974282,0.171871892920969,0.218038373411371,0.330551733307074
AAATTACCTATCGATG-1,0.280743344998412,0.294716308711596,0.234438221356322,0.19010212493367,0
AAATTTGCGGGTGTGG-1,0.183077542599929,0.227423718182836,0.187100670815416,0.235676063091946,0.166722005309872
AACAACTGGTAGTTGC-1,0.200068969270919,0.187564920217865,0.213220305453474,0.210131116691965,0.189014688365777
AACAATTACTCTACGC-1,0.27510702396952,0.241557191261458,0.213272813704746,0.270062971064276,0
AACACACGCTCGCCGC-1,0.253554980119604,0.226720955549561,0.171166959226525,0.105520179455566,0.243036925648744
AACACGACTGTACTGA-1,0.0663708446292433,0.184533375390149,0.11298960147678,0.123822306363821,0.512283872140007
AACAGGAAATCGAATA-1,0.220673464901663,0.215373163950777,0.238359164618941,0.149011207882884,0.176582998645735
AACAGGATGGGCCGCG-1,0.205946357796224,0.274215204843835,0.229667897562739,0.215287443605673,0.0748830961915282
AACATATCAACTGGTG-1,0.369973591665195,0.176814777727873,0.222597133892582,0.154119298403875,0.0764951983104746
AACCAAGACTTCTCTG-1,0.243054116915245,0.265399977953985,0.162465343279393,0.237780504277574,0.0913000575738035
AACCATGGGATCGCTA-1,0.120905140218167,0.253831511956821,0.186735746721871,0.147939544227971,0.29058805687517
AACCCAGAGACGGAGA-1,0.186812159396684,0.179843823923219,0.14835722893198,0.200097842638357,0.284888945109759
AACCCTACTGTCAATA-1,0.266953332204962,0.269297940913385,0.199005728237755,0.199821033944866,0.0649219646990318
AACCGAGCTTGGTCAT-1,0.237062136606009,0.201891612078807,0.278719642680007,0.282326608635177,0
AACCGTTGTGTTTGCT-1,0.13729256284985,0.234998781644634,0.2300456910517,0.190793536777508,0.206869427676308
AACCTTTAAATACGGT-1,0.147118273323664,0.15353437296127,0.192333285336984,0.140329697910642,0.366684370467439
AACCTTTACGACGTCT-1,0.266593384661314,0.19564157733613,0.320189013023931,0.217576024978626,0
AACGATAGAAGGGCCG-1,0.265540391504318,0.265808375214873,0.104145279650908,0.230299683320846,0.134206270309054
AACGATATGTCAACTG-1,0.251474928010169,0.261418589192254,0.216003976352155,0.205168183397223,0.0659343230481996
AACGCGGTCTCCAGCC-1,0.149377987180688,0.257089055120933,0.20221124835236,0.213503640441759,0.17781806890426
AACGGACGTACGTATA-1,0.242846742780791,0.147054723143266,0.147231033547317,0.284115452115887,0.178752048412738
AACGGCCATCTCCGGT-1,0.223858037615093,0.222692969214331,0.268560268936539,0.210295796764884,0.0745929274691532
AACGTACTGTGGGTAC-1,0.218103502250109,0.263152657905096,0.250563602878765,0.26818023696603,0
AACGTCAGACTAGTGG-1,0.235966206493348,0.13107300873658,0.219081211625304,0.240387959591241,0.173491613553527
AACGTGCGAAAGTCTC-1,0.20427929669673,0.187829856970933,0.269870602013157,0.250128957783259,0.0878912865359204
AACTAGGCTTGGGTGT-1,0.19966101610397,0.222905611281761,0.267762395480646,0.222738173027989,0.086932804105634
AACTCAAGTTAATTGC-1,0.204931785942852,0.252094643045374,0.237306488186168,0.305667082825606,0
AACTCCTAATCCCATG-1,0.102328838832893,0.0578971642684546,0.133935132204355,0.159113076866166,0.546725787828131
AACTCTCAATAGAGCG-1,0.206981847986496,0.193960126924338,0.11013346844974,0.17024517759517,0.318679379044257
AACTCTCAGTGTGCTC-1,0.251093843025587,0.164642674567892,0.170139866003953,0.252569161420535,0.161554454982034
AACTGATATTAGGCCT-1,0.208251742036496,0.176867639994854,0.260308356221872,0.280943469151212,0.0736287925955645
AACTGGGTCCCGACGT-1,0.195429532988233,0.285031052421517,0.193113400764641,0.192149549622144,0.134276464203465
AACTTGCCCGTATGCA-1,0.172295456233542,0.211844602727111,0.272803202415404,0.286188826970333,0.0568679116536098
AAGACTGCAAGCTACT-1,0.164130516322811,0.263778557692428,0.217716611880525,0.202141473578643,0.152232840525594
AAGAGATGAATCGGTA-1,0.186939031197884,0.200002699650601,0.232949100664067,0.269798907199976,0.110310261287471
AAGAGGATGTACGCGA-1,0.223012234657258,0.240213794090406,0.188051376555286,0.27756082786436,0.07116176683269
AAGAGGCATGGATCGC-1,0.267892962117551,0.239966899043442,0.198202026288299,0.232408961999365,0.0615291505513429
AAGATTGGCGGAACGT-1,0.197728238048141,0.225641012484753,0.247451985128925,0.172995373943774,0.156183390394407
AAGCATACTCTCCTGA-1,0.139166382322875,0.142205678940729,0.117778071085198,0.160320746246451,0.440529121404746
AAGCTAGATCGAGTAA-1,0.252934560612027,0.22617819129353,0.139033152817528,0.225346941264918,0.156507154011998
AAGCTCGTGCCAAGTC-1,0.23210071982869,0.201875240295001,0.219930088549665,0.192144325679062,0.153949625647582
AAGGAGCGGTTGGTGC-1,0.189234860375955,0.239878138584745,0.218625306273743,0.275301706358192,0.076959988407364
AAGGATGAGGGACCTC-1,0.292957618251597,0.199205775648406,0.185123273300757,0.211580335804595,0.111132996994644
AAGGCGCGTAAAGCTT-1,0.210202727799097,0.31397876411545,0.138428255831126,0.125139371089189,0.212250881165138
AAGGCTGTGCTCATCG-1,0.21822296079658,0.188313031435412,0.241822606084135,0.277013105360792,0.0746282963230807
AAGGGACAGATTCTGT-1,0.288663553619813,0.194662966419492,0.289217328505016,0.22745615145568,0
AAGGTATCCTAATATA-1,0.261289227986364,0.209242202593069,0.284711130588949,0.244757438831618,0
AAGTAGAAGACCGGGT-1,0.162422808533386,0.243520690539538,0.279837152213416,0.16486683967577,0.149352509037889
AAGTAGTGACGCGAGG-1,0.241325330357651,0.161916301894215,0.308891606359425,0.287866761388708,0
AAGTGACGACCGAATT-1,0.203521771680048,0.273916180757892,0.203754913262261,0.226323744429414,0.0924833898703848
AAGTGCCTTGACTGTA-1,0.0670872559534127,0,0.0788385365805631,0,0.854074207466024
AAGTTCGGCCAACAGG-1,0.208209177494453,0.181923635528551,0.201620948346338,0.230511517077384,0.177734721553274
AATAACAACGCTCGGC-1,0.214466518572157,0.244458919892068,0.282758535461485,0.25831602607429,0
AATAGAACAGAGTGGC-1,0.182641074448083,0.233866848611318,0.3056025966615,0.206982274977835,0.0709072053012627
AATATCGAGGGTTCTC-1,0.226473465917661,0.178427334510569,0.206633724989647,0.156535014500295,0.231930460081827
AATATTGGAGTATTGA-1,0.199186908115431,0.21285438347935,0.242286620614439,0.211794258098735,0.133877829692044
AATCCAAGGGCCTGAG-1,0.124753308023302,0.195435507496308,0.279061714392917,0.149354983005593,0.25139448708188
AATCGCCTCAGCGCCA-1,0.278136687812397,0.258576118956842,0.239487588453752,0.173036004547892,0.0507636002291173
AATCGGGACACTACGA-1,0.191571783519564,0.226212336385714,0.178177281750087,0.0827404730223191,0.321298125322316
AATCTGCGTTGGGACG-1,0.316352089631955,0.283511608982034,0.231142621215773,0.168993680170238,0
AATGACAGCAATGTCT-1,0.226970532168559,0.182520279123808,0.265868775874555,0.213241013731858,0.111399399101219
AATGACGTAGGATGTC-1,0.279922240801779,0.242725659426851,0.190782666609689,0.224819578327921,0.0617498548337596
AATGACTGTCAGCCGG-1,0.216843322635569,0.322285491553128,0.172023116120766,0.232292588837667,0.0565554808528706
AATGATGATACGCTAT-1,0.290895457111351,0.195656064500482,0.197776037560046,0.190032745825529,0.125639695002593
AATGATGCGACTCCTG-1,0.106204616426307,0.0831973876530921,0.0656698523787055,0.0818571493052539,0.663070994236642
AATGCAACCGGGTACC-1,0.203944902345174,0.194127847126707,0.225997730166053,0.283296370525241,0.0926331498368249
AATGCACCAAGCAATG-1,0.242017844199112,0.212249360261452,0.174234599917248,0.146459488929633,0.225038706692555
AATGGTTCTCACAAGC-1,0.204501212635898,0.205793405386844,0.168076653586069,0.301216401675323,0.120412326715866
AATTAAAGGTCGGCGT-1,0.195058022892287,0.209603248886043,0.295534615830948,0.299804112390722,0
AATTAGCGCTGCAGCG-1,0.208935509248481,0.230146320376423,0.265465396626867,0.19762890175811,0.0978238719901186
AATTCATAAGGGATCT-1,0.230355929292393,0.229724425548662,0.217362560392486,0.224045102338656,0.0985119824278037
AATTCTAGAGTTAGGC-1,0.237383043408124,0.26158800027859,0.24129679398568,0.259732162327607,0
AATTGAACGCTCTGGT-1,0.201743453794424,0.240270219573306,0.189109066394022,0.237550454912586,0.131326805325662
AATTTGGGACATAGTA-1,0.170852165286446,0.175575731796136,0.0995709632252749,0.0942783283574225,0.45972281133472
AATTTGGTTCCAAAGA-1,0.222879022511688,0.25584744496916,0.20071260696807,0.206282516755234,0.114278408795848
ACAAATGGTAGTGTTT-1,0.234034905869576,0.262561663022214,0.235224747540866,0.189334374349378,0.0788443092179661
ACAACAGCATGAGCTA-1,0.23391656230368,0.23930867252342,0.168589196807163,0.26819761919075,0.089987949174986
ACAACGGTCCCTGCGA-1,0.20799116200676,0.102811533518372,0.158324904844443,0.232298737716483,0.298573661913943
ACAAGCAGTGCCTAGC-1,0.257102888223846,0.245410511879322,0.217772527102516,0.279714072794316,0
ACAAGGACAAGAGGTT-1,0.176843124171993,0.230710167500025,0.240445548828493,0.269114341772758,0.0828868177267309
ACAAGGGCAGGCTCTG-1,0.295889981580492,0.150714460091143,0.251232015496679,0.230383733301767,0.0717798095299193
ACAATAGTCGTACGTT-1,0.200100232771162,0.146484488066468,0.187233654598909,0.149892889296408,0.316288735267052
ACAATCCATTTAAACC-1,0.246548918436512,0.261028318281743,0.235870383075376,0.256552380206368,0
ACAATTTGAGCAGTGG-1,0.206859912211154,0.18100279037473,0.201591333621659,0.21299011863228,0.197555845160176
ACACAAAGACGGGTGG-1,0.155861348028513,0.274871269972883,0.264109798230432,0.305157583768172,0
ACACACCAGGACCAGT-1,0.103182984093169,0.116658543970139,0.127964755484798,0.0761427779649303,0.576050938486963
ACACACTTTCTACACG-1,0.201645115674022,0.228011091936191,0.233863639662328,0.221583173327891,0.114896979399568
ACACCCAGCATGCAGC-1,0.266372042062377,0.202757636003455,0.17119039975154,0.232207620473581,0.127472301709046
ACACCCGAGAAATCCG-1,0.203176944201443,0.247061519174747,0.155604274365962,0.219815751483372,0.174341510774477
ACACCTTAAGTAGGGC-1,0.224960285347275,0.302016771714375,0.264109639483128,0.208913303455222,0
ACACGAGACTCCTTCT-1,0.258482506502014,0.191177267146256,0.307533287648552,0.242806938703178,0
ACACGGGAACTTAGGG-1,0.206347909641521,0.276723343855401,0.207259539167916,0.309669207335163,0
ACACTGATCAAGGTGT-1,0.203406118518152,0.203331328622282,0.199773933780276,0.123129757233899,0.270358861845391
ACAGCATAGAGCCAGT-1,0.179816200258083,0.205988690799714,0.284782919090236,0.15246506623864,0.176947123613327
ACAGCGCACCCGCAGC-1,0,0,0,0,1
ACAGGTGGAGGTGAGG-1,0.23106819982099,0.230335519393542,0.267471171174905,0.169516811598399,0.101608298012164
ACATAATAAGGCGGTG-1,0.0943711486451162,0.253841192983457,0.214602944468669,0.225208870435616,0.211975843467142
ACATCCTGGTAACTGT-1,0.065112487156986,0,0,0,0.934887512843014
ACATCGATCGTTTACC-1,0.278808191131665,0.202335218412371,0.206669392331168,0.183603430007072,0.128583768117724
ACATCGGTCAGCCGCG-1,0.248396717604445,0.275961988571423,0.243288643657193,0.232352650166939,0
ACATCGTATGCAATGG-1,0.208684192462149,0.206146904663191,0.189053203498711,0.17195501187809,0.224160687497859
ACATCGTTAACCTAGT-1,0.167344384793575,0.227382561839043,0.18214978432758,0.157935276947236,0.265187992092568
ACATGGCGCCAAAGTA-1,0.158228802453978,0.21057935433206,0.178194197512741,0.161671864358672,0.291325781342549
ACATTAGTTTATATCC-1,0.217193030001288,0.253626506940761,0.217666469135894,0.256987117426187,0.0545268764958699
ACCAACGCTTATTTAT-1,0.168547632979195,0.309430988009662,0.280073911148551,0.241947467862591,0
ACCAAGAACGCGTGTC-1,0.206551563935426,0.216851946372791,0.201755558285373,0.153969748105461,0.22087118330095
ACCACAAGTTTCTATC-1,0.221620107455475,0.242881389812169,0.236585581138223,0.212780558984382,0.0861323626097513
ACCAGTGCGGGAGACG-1,0.197231273351809,0.157421393613194,0.227776347759746,0.232133569702321,0.185437415572929
ACCATATCCGCAATAA-1,0.200624570841951,0.263586455821617,0.245191004237416,0.198210094749871,0.0923878743491444
ACCATCGTATATGGTA-1,0.18000166802502,0.272204021549167,0.314908338401485,0.232885972024328,0
ACCCAACGCCCGTGGC-1,0.272694144191829,0.294813351878492,0.138777534253041,0.214033337039692,0.0796816326369463
ACCCACCTACATGCTC-1,0.143449441438114,0.154627866764506,0.196759033671071,0.186566570985376,0.318597087140933
ACCCATCTTGAGGGTA-1,0.171183647716438,0.250233626305973,0.266594285371564,0.2176578342221,0.0943306063839258
ACCCGGATGACGCATC-1,0.319808435133239,0.239485829744041,0.109854265699263,0.189508725343505,0.141342744079952
ACCCGGTTACACTTCC-1,0.249694983345121,0.243657276094068,0.261319516439602,0.245328224121209,0
ACCCTTCATCTGCGAA-1,0.199886752966198,0.189533531349166,0.234287325778239,0.216663809746342,0.159628580160056
ACCGAAAGGGCCCTGC-1,0.146193956884691,0.156453490586312,0.160931891782686,0.222968311191397,0.313452349554914
ACCGACTGAGTCCCAC-1,0.220997446449245,0.180802232709717,0.263696164007861,0.238294104923344,0.0962100519098331
ACCGATGGTAGCATCG-1,0.282409981828549,0.165582575125622,0.166081211133375,0.168509221886983,0.217417010025472
ACCTAATCGACTTCCT-1,0.16827315101075,0.196836160788988,0.251916532018673,0.240911740202589,0.142062415979
ACGAAATGGGCGGCAC-1,0.108423115062367,0.287518980475456,0.308381097381164,0.220038424603248,0.0756383824777644
ACGAGATATTTGCTTA-1,0.0627968066634606,0.066079300507534,0.0732405007114467,0,0.797883392117559
ACGAGTACGGATGCCC-1,0.18371200015303,0.0567878526356466,0.114136956555158,0.0729075332700696,0.572455657386096
ACGATACATAGAACTA-1,0.227169235578633,0.275853326277915,0.232565913069409,0.264411525074043,0
ACGATCATACATAGAG-1,0.229497286506525,0.289164706764282,0.213640452352806,0.267697554376387,0
ACGATCATCTTGTAAA-1,0.305736343029753,0.208209358963554,0.145584305262443,0.166391803471145,0.174078189273105
ACGATGCATATGTTAT-1,0.189975302627667,0.308664073893931,0.245528043952664,0.255832579525738,0
ACGATGGATCCGATGC-1,0.185293471700574,0.222690354335717,0.148528006195838,0.174051508638929,0.26943665912894
ACGCATTCGTGAGTAC-1,0.310846860010581,0.202288847448073,0.197952603518671,0.225065945659673,0.0638457433630015
ACGCCAGATGATTTCT-1,0.175445437984317,0.253255072111295,0.183308013821146,0.215357854212686,0.172633621870556
ACGCCGCTAGACGACC-1,0.238742322380575,0.220056594860361,0.233453273082983,0.184537117141192,0.12321069253489
ACGCGAAGTCAGACGA-1,0.192919687664335,0.211761482392899,0.309356480728068,0.199544968546332,0.086417380668367
ACGCGCTACACAGGGT-1,0.210559817019644,0.275200942813757,0.274603482793682,0.239635757372918,0
ACGCGGGCCAAGGACA-1,0.236139710500456,0.316345250828895,0.197256567267701,0.250258471402948,0
ACGCTAGTGATACACT-1,0.296939085569216,0.180987847562805,0.185811414241791,0.136712015688489,0.199549636937699
ACGGAATTTAGCAAAT-1,0.183415939291653,0.179547753761187,0.157693771209847,0.123372485208448,0.355970050528865
ACGGCACTTGCTTGGG-1,0.219301402131893,0.162438246740712,0.304824995695717,0.207831955912587,0.105603399519091
ACGGCCAACATGGACT-1,0.199444505866208,0.259307156234613,0.220580662754205,0.166298660296198,0.154369014848775
ACGTACAGATTTCTCT-1,0.125718650420004,0.17523260963141,0.151221003397173,0.237779433248252,0.310048303303161
ACGTAGATTGCTGATG-1,0.259311371277181,0.246364434502613,0.227955470469801,0.188740954497883,0.077627769252521
ACGTATTACTCCGATC-1,0.185451120441561,0.207069791763916,0.203384102868006,0.225960890915501,0.178134094011016
ACGTGCGCCTCGTGCA-1,0.227472061515221,0.215468597802754,0.132801644289881,0.215992395775239,0.208265300616906
ACGTTAATGTCGAAGA-1,0.302211850150672,0.250584344957548,0.187270464376146,0.20278802665118,0.0571453138644535
ACGTTAGATTTGCCCG-1,0.190936044444671,0.237176306137236,0.281261570035456,0.290626079382638,0
ACGTTTAGTTGTGATC-1,0.147235393989719,0.396667945306665,0.187305310636285,0.152820929411996,0.115970420655335
ACTACCAGCTCTCTGG-1,0.140614400685301,0.335670271040457,0.190178587285012,0.229831017481437,0.103705723507794
ACTATTCGTCCGTGGT-1,0.235842774425206,0.271354221902375,0.147284629159254,0.188103945200558,0.157414429312607
ACTCAATAAAGGCACG-1,0.290457715541007,0.228103660318211,0.267381755197157,0.214056868943626,0
ACTCCCGAATTCGTTT-1,0.238932500891966,0.183263213066569,0.200380826203062,0.171642609293778,0.205780850544625
ACTCCCTAGAATAGTA-1,0.208253021829807,0.165020321202197,0.220496864461641,0.215224083027753,0.191005709478602
ACTCGTCAGTAATCCC-1,0.188061473043579,0.268270425703415,0.193118584843748,0.205391110926603,0.145158405482655
ACTCTCTGACTTAGGT-1,0.303353222076001,0.159798229939425,0.19254140559585,0.211264675304969,0.133042467083754
ACTCTTGTATAGTAAC-1,0.166646773968823,0.0855783585208004,0.208458818452395,0.105687573545779,0.433628475512202
ACTGAATGGCGAAAGT-1,0.218031255557693,0.222520404239632,0.244567613350092,0.244856774008818,0.0700239528437652
ACTGCCGTCGTAACTC-1,0.20664096190168,0.279731677293864,0.181476631001245,0.243993364164482,0.0881573656387286
ACTGTACGATACACAT-1,0.22768274124783,0.203607535130116,0.17472573844864,0.213839683965012,0.180144301208402
ACTGTAGCACTTTGGA-1,0.162007679296189,0.225685314156408,0.241729997196408,0.285227432618335,0.0853495767326593
ACTGTCCAGGATTATA-1,0.126334871564674,0.206897554707398,0.269532939118381,0.268821857800537,0.12841277680901
ACTGTCTTCTTTAGAA-1,0.233096254479608,0.238263790981888,0.244794389718364,0.283845564820141,0
ACTGTGCTAGTAGATC-1,0.248682066934363,0.181492508118027,0.190714265624953,0.146601072844318,0.232510086478339
ACTTAGTACGACAAGA-1,0.163732670146842,0.214698301830897,0.30745962741356,0.152474951128888,0.161634449479813
ACTTATACTTACCCGG-1,0.245386606870766,0.218344662764128,0.205662778683867,0.230231417851457,0.100374533829782
ACTTATTAGGATCGGT-1,0.18076724550951,0.24679153030297,0.291825374639722,0.280615849547797,0
ACTTCGCCATACGCAC-1,0.259917196523175,0.192115791586398,0.245884220599243,0.23023873220093,0.0718440590902543
ACTTGACTCCCTCTTT-1,0.240988724102384,0.221235186931392,0.182593959032715,0.263982279868417,0.0911998500650926
ACTTGGGACCCGGTGG-1,0.209038878681508,0.24246393085086,0.270391113313889,0.212798305774893,0.0653077713788494
ACTTTACCCTCATGAA-1,0.0587708207605054,0.105696187686357,0.0813205086801814,0.0558855684192736,0.698326914453683
ACTTTCCTATAGCTTC-1,0.167456084220439,0.207542141867555,0.245981747414121,0.310454629450257,0.0685653970476283
AGAACGTGGTACATTC-1,0.192514219745163,0.264700810014515,0.229672517072002,0.226804979676053,0.0863074734922671
AGAAGGTTGCCGAATT-1,0.162014091358485,0.276662022163754,0.245314924661525,0.252417002597265,0.0635919592189708
AGAATTATGGATTCGA-1,0.221086090339308,0.268730390152322,0.231501216161324,0.278682303347045,0
AGACCATGGGATACAA-1,0.259708752364929,0.149272018934628,0.117241397701049,0.105604992356493,0.368172838642901
AGACCCACCGCTGATC-1,0.31532216212053,0.172924670237788,0.256087554115448,0.163139779296958,0.0925258342292766
AGACCCGCCCTCCTCG-1,0.196949743021489,0.259865435607231,0.256492798398258,0.229036485080449,0.0576555378925724
AGACGAAGTGCCGGTC-1,0.166438889482142,0.178126025524155,0.220843064749197,0.135976141756642,0.298615878487864
AGACTAGCCTTCCAGA-1,0.210183267298269,0.280431216342074,0.235792289076671,0.273593227282987,0
AGAGAACCGTCTAGGA-1,0.24395066774525,0.182428538826076,0.194070550161893,0.20053429881971,0.179015944447071
AGAGATCTCTAAAGCG-1,0.187130589485556,0.14254924599509,0.107204308642124,0.0908150365534594,0.47230081932377
AGAGCGGGCTAATCAT-1,0.166597709279981,0.252566829486196,0.23083370565672,0.246458551200814,0.103543204376289
AGAGCGTACAAGCTCG-1,0.183832502848117,0.108406926275215,0.178414849480594,0.191561039020804,0.33778468237527
AGATAACTTCAGGGCC-1,0.145671289184843,0.309463217640323,0.232191974396469,0.186156900525264,0.1265166182531
AGATACCGGTGTTCAC-1,0.200145848616632,0.291670817448747,0.266933916735687,0.241249417198934,0
AGATACGACTTCATAT-1,0.243572936956418,0.21313208579415,0.131271514021267,0.160514405831694,0.251509057396471
AGATACTCAAGATCGA-1,0.1091551145277,0.111361391286749,0.266452597506563,0.106473889968161,0.406557006710827
AGATCGTGCATAAGAT-1,0.21521190951635,0.108699313395294,0.0792298892405303,0.0808350449815702,0.516023842866255
AGATCTCAGGTGTGAT-1,0.240845162223562,0.203403884773053,0.212191140788763,0.218562319416795,0.124997492797828
AGATGACTCGCCCACG-1,0.251414969197619,0.222120323982812,0.143972947922809,0.170163327091718,0.212328431805041
AGATGATGGAGTCTGG-1,0.123990222624661,0.139156441986347,0.181688603814556,0.176492425991267,0.378672305583169
AGATTATAGGACGTTT-1,0.181419416411325,0.242240594370695,0.247852631082443,0.328487358135537,0
AGCAACATATCTTATT-1,0.311115793844999,0.218598608584442,0.219350276655658,0.190342976941674,0.0605923439732264
AGCACCAGTACTCACG-1,0.248863254551323,0.273582966577524,0.180389373156534,0.211049670953306,0.0861147347613135
AGCACTACCGGCCTGT-1,0.271732942524154,0.301163640352247,0.209639925152257,0.217463491971343,0
AGCACTTAAGGACGCC-1,0.20719796254841,0.272522858523858,0.249730702018766,0.270548476908966,0
AGCATATCAATATGCT-1,0.253887419577594,0.18114927488792,0.175385249861286,0.280972217088029,0.10860583858517
AGCATCGTCGATAATT-1,0.265521145763445,0.176496034473501,0.166633760091337,0.246810626562888,0.144538433108829
AGCCACTCCCGTGCTT-1,0.211415053014446,0.237049968706389,0.270465945632473,0.281069032646692,0
AGCCCATACATGTAAG-1,0.33569096985182,0.231392575121565,0.196375578683013,0.236540876343602,0
AGCCCTAAGCGAAGTT-1,0.188384059919796,0.159557306656413,0.227139420795716,0.2815887370174,0.143330475610675
AGCGACAGGAACGGTC-1,0.240605017308618,0.259410655910482,0.21331671993698,0.28666760684392,0
AGCGACATCCCATTCA-1,0.21238003234961,0.209524149473195,0.281682755143072,0.199149666505098,0.0972633965290239
AGCGACCAACGATATT-1,0.159181502952387,0.260289304645922,0.267862875427817,0.253182644107956,0.0594836728659184
AGCGCGGGTGCCAATG-1,0.320173541616052,0.178242813561399,0.167886081729374,0.224919245489665,0.108778317603511
AGCGGGAAGGGTCCAT-1,0.205693977538342,0.201454302089371,0.234601833433862,0.191376192960001,0.166873693978424
AGCGTGGTATTCTACT-1,0.245004394989031,0.140652227189505,0.238498420996279,0.226419233010593,0.149425723814592
AGCTAGAAGCAGAAGT-1,0.173233660031266,0.0900752860040412,0.116239684550944,0.108029621243486,0.512421748170263
AGCTATTTAATCCAAC-1,0.171490663597087,0.170002366880006,0.212263559995276,0.197462711147855,0.248780698379776
AGCTCTAGACGTTCCA-1,0.213739005555386,0.234540693376443,0.199665773653138,0.172105416681924,0.17994911073311
AGCTCTTCCCAGTGCA-1,0.185861792668638,0.264612433976915,0.247628496827133,0.224360299781506,0.0775369767458079
AGCTCTTTACTCAGTT-1,0.248229887678763,0.210248436372989,0.271753141533781,0.269768534414467,0
AGCTGAAGTAAACCAA-1,0.201233989861628,0.240875203721816,0.208565653331028,0.274094603001163,0.0752305500843649
AGCTTGATCTTAACTT-1,0.212670990492752,0.224696271370566,0.221486368013075,0.241338623687885,0.0998077464357221
AGGACAGTCGAATCCC-1,0.245386423184096,0.178134787818835,0.197198007605781,0.199841681332097,0.179439100059191
AGGACATCGCACGTCG-1,0.242933003611841,0.197271443710563,0.212999933818431,0.17093484862268,0.175860770236484
AGGACGACCCATTAGA-1,0.269836929560044,0.332175674186628,0.194412880286677,0.203574515966651,0
AGGACGCTCGATGTTG-1,0.188753511040598,0.142649652491259,0.218065648157064,0.0713850473553449,0.379146140955735
AGGATAAAGTCGGGAT-1,0.247245413581589,0.223366628835265,0.233972053125453,0.165141012569729,0.130274891887965
AGGCAGATGCGTAAAC-1,0.269823713005856,0.276946457171354,0.202863554601934,0.250366275220857,0
AGGCCACCCGTTATGA-1,0.193559828815438,0.143975900684375,0.338918264222402,0.223201050129081,0.100344956148703
AGGCCCATTGTACAGG-1,0.200088916215746,0.170280606420902,0.224322843192298,0.225619944304998,0.179687689866057
AGGCCCTAGAACGCCA-1,0.218414775469897,0.215613707640012,0.228914342314963,0.239350773821515,0.0977064007536133
AGGCTATGGTTAGCTT-1,0.238559496425028,0.19763988140389,0.174137841853789,0.242257886696546,0.147404893620746
AGGCTTCCCGAAGAAG-1,0.252335368111921,0.152651424028312,0.256376861438248,0.212202617967766,0.126433728453753
AGGGAAACGAGGTACT-1,0.110629226699418,0.109370933312797,0.154697592501387,0.120851166644343,0.504451080842054
AGGGCGTGATCGGCTA-1,0.134183815407711,0.223047112300972,0.232448217704839,0.208758658042897,0.201562196543581
AGGGCTGCAGTTACAG-1,0.221224136082429,0.182924252387113,0.266067913960622,0.261946380279999,0.0678373172898364
AGGGTCGATGCGAACT-1,0.311105311675114,0.184525890252728,0.209293665457109,0.17014289472631,0.124932237888739
AGGGTGCTCTCGAGGG-1,0.227814592314927,0.136279350027949,0.227057747468806,0.22205549866402,0.186792811524298
AGGGTTCCCTTTGGTT-1,0.148718514541872,0.174729176893522,0.19335592192588,0.256517392833665,0.226678993805062
AGGGTTTAGTTCGGGA-1,0.220970168438445,0.233817664386663,0.259374600388674,0.213205835141185,0.0726317316450322
AGGTAACCTCCTATTC-1,0.17163020296301,0.184422292646934,0.239277459929796,0.260714233319286,0.143955811140973
AGGTACGATATTGCCA-1,0.252639789120036,0.146967064080657,0.215212836733488,0.144746647302477,0.240433662763342
AGGTAGGTACAAAGCT-1,0.229376749219128,0.219212625419655,0.2310981254296,0.260821972866803,0.0594905270648132
AGGTCGCGGAGTTACT-1,0.0843201029391047,0,0,0,0.915679897060895
AGGTTGAGGCACGCTT-1,0.223641392741428,0.27853641562604,0.246129698536551,0.251692493095981,0
AGGTTTCACACACCTT-1,0.26691986860645,0.266587026368722,0.249344380653856,0.217148724370972,0
AGTAATGTCTTGCCGC-1,0.252398364752211,0.238282139554537,0.272909098725447,0.236410396967806,0
AGTACGGGCACCTGGC-1,0.233051049500084,0.259085099214006,0.23791919482901,0.2699446564569,0
AGTAGGAAGGAAGTTG-1,0.11050042400953,0.0658441701994543,0.0712414442294364,0.0730938301979419,0.679320131363638
AGTAGGTAACATACAT-1,0.155368617301772,0.219468857163186,0.214505946240876,0.170896001744891,0.239760577549274
AGTATAATACTAGGCA-1,0.145761781644375,0.229161166144993,0.172849376886842,0.239377603994944,0.212850071328846
AGTCAACACCACCATC-1,0.281074407151527,0.200920652799612,0.297889289750259,0.220115650298602,0
AGTCAAGATGACACTT-1,0.215882818587535,0.289106839609976,0.259567371003127,0.235442970799362,0
AGTCAGCCACCGCCTG-1,0.172082259391769,0.179742572183726,0.168315254467005,0.16399485738044,0.31586505657706
AGTCCATTGGCTGATG-1,0.0821704044352049,0.0673239954938129,0.157014041799765,0.0697677798538121,0.623723778417405
AGTCCCGCCTTTAATT-1,0.191486034708402,0.230657594588161,0.241410254106703,0.148435817389241,0.188010299207492
AGTCGACGGTCTCAAG-1,0.233372130073278,0.217104230985031,0.175179538505473,0.149600094419676,0.224744006016543
AGTCGGCCCAAACGAC-1,0.171877180820524,0.227161227568354,0.253580889816104,0.226013988080567,0.121366713714451
AGTCTTCTCCTCAAAT-1,0.213039785354368,0.17835131460179,0.201832032949483,0.209714789758598,0.197062077335761
AGTGACCTACTTTACG-1,0.193981340866981,0.220203521478507,0.223213220393794,0.283939069759344,0.0786628475013748
AGTGAGACTTCCAGTA-1,0.246131391789464,0.246938635657392,0.242518003107635,0.264411969445509,0
AGTGAGCCTCGCCGCC-1,0.183923379484639,0.17887603054157,0.107758232904338,0.0921376314677863,0.437304725601667
AGTGATATGAGTAGTT-1,0.205890888060076,0.240664588559748,0.314364379624254,0.239080143755922,0
AGTGATTCAAGCAGGA-1,0.271993933741817,0.179268773748337,0.23336417973297,0.315373112776876,0
AGTGCGTAGCTCGTAA-1,0.235655969636436,0.27585715168079,0.235828428686061,0.252658449996713,0
AGTGCTTGCACGAATA-1,0.193866386457946,0.26479346388023,0.154547535826209,0.27214556685659,0.114647046979026
AGTGGCGGCAATTTGA-1,0.207612145235654,0.196786102288924,0.21385451243455,0.183144656000881,0.198602584039991
AGTGTATTGCGCATTG-1,0.289012519497917,0.129537216772401,0.167489539570335,0.153896402969333,0.260064321190014
AGTTAAACACTTGCGA-1,0.184558990950804,0.290032090538765,0.239507002314657,0.285901916195774,0
AGTTAAGCGGTCCCGG-1,0.332425275560112,0.256658679818652,0.155428794525779,0.153779665904967,0.10170758419049
AGTTACTCTATCGTGG-1,0.272050467907126,0.180691263740451,0.187231738193238,0.212851483254829,0.147175046904356
AGTTCCTACAGAATTA-1,0.216940832933535,0.203928186697435,0.23513891102029,0.254699201800412,0.089292867548328
AGTTCCTATTTATGTT-1,0.224642374581609,0.235199409289869,0.23558949497908,0.251147756646138,0.0534209645033042
AGTTTCGCAGGTCGGA-1,0.17539740604646,0.262192296371365,0.13235729357133,0.190597153173785,0.239455850837061
AGTTTGGCCAGACCTA-1,0.196664039277162,0.248930765115477,0.222477516421521,0.18514447200151,0.14678320718433
ATAAACGGACCCGTAA-1,0.187757456439477,0.238587279478886,0.22352687474414,0.181217130232169,0.168911259105328
ATAAATATTAGCAGCT-1,0.200535178082691,0.251543283739174,0.237530819140271,0.238520869518348,0.0718698495195169
ATAACGCCGGAGGGTC-1,0.25790707057477,0.185949401701082,0.229423358630246,0.187325409131917,0.139394759961985
ATAACGGAGTCCAACG-1,0.206418034016102,0.293005379447038,0.258833403769502,0.241743182767358,0
ATAAGGTGGAGAACAT-1,0.252720210918695,0.097629986463877,0.217902341902065,0.166739825880627,0.265007634834736
ATAAGTAGGATTCAGA-1,0.07109578905215,0.0977094975287532,0.06115372093825,0.0813962647449347,0.688644727735912
ATAAGTTACCGCGACG-1,0.180156707816885,0.241303201924614,0.182358693668438,0.247668018849004,0.148513377741059
ATAATAGCTGTTGAAT-1,0.185517547956095,0.24410146304343,0.234861980352373,0.266551557380231,0.0689674512678709
ATAATAGTGTAGGGAC-1,0.260879623900397,0.122132188718587,0.164742612514009,0.161979747047816,0.290265827819191
ATACCACGGGCAACTT-1,0.181556514780546,0.230760355558969,0.264943513622937,0.231132618222184,0.0916069978153649
ATACCAGGCTAATAGA-1,0.153662078552474,0.120820811934541,0.119389523457255,0.255441856866672,0.350685729189059
ATACGCCGGCGAAACC-1,0.259813055806085,0.188925268023832,0.201212902708695,0.242994959376565,0.107053814084824
ATACGGGTTTCGATTG-1,0.220814086252529,0.213804238383275,0.237088604357849,0.187639474111299,0.140653596895048
ATACGTCCACTCCTGT-1,0.202866462824335,0.152180925702151,0.149717065520859,0.246405469546334,0.24883007640632
ATACTAGCATGACCCT-1,0.24254290724725,0.271983627029523,0.172983325769816,0.17066770423162,0.141822435721791
ATAGACAACGGGACCT-1,0.270164120369346,0.186560156560901,0.179296209818718,0.205059847422258,0.158919665828777
ATAGACGAAGAGAAAG-1,0.17769155409356,0.31062891916376,0.207213709737116,0.235223392292706,0.0692424247128571
ATAGAGTACTGGGACA-1,0.21023777750889,0.327990503143171,0.268347568920994,0.193424150426944,0
ATAGAGTTATCAACTT-1,0.190179720037897,0.231907273957682,0.308737206126392,0.187802424428701,0.0813733754493276
ATAGGCGGCTATAGAA-1,0.222914091294866,0.270598244688823,0.222359020678847,0.223661671641218,0.0604669716962462
ATAGGCTAGCTTCGCA-1,0.256012537006326,0.236595906600471,0.181593227162643,0.190901452947634,0.134896876282927
ATAGGGATATCCTTGA-1,0.234717296516861,0.230330019344,0.249112040492179,0.220089599059123,0.0657510445878372
ATAGGTTGGGCAGATG-1,0.202682500386668,0.206627927755588,0.217518499848299,0.278119283613913,0.0950517883955312
ATAGTGAAGCGTTCTC-1,0.230290593591752,0.240496296602005,0.241113301415761,0.288099808390482,0
ATAGTTCCACCCACTC-1,0.25809394396853,0.171725077704796,0.175838537604935,0.268456485353478,0.125885955368261
ATATCTCCCTCGTTAA-1,0.223224905439466,0.267062120256401,0.178076688718586,0.264780724148223,0.0668555614373235
ATATCTTAGGGCCTTC-1,0.23375353346599,0.312639830605788,0.202244148345344,0.251362487582878,0
ATATGTCTCCCTAGCC-1,0.27284846977923,0.178374069230109,0.184550094147144,0.165615806971513,0.198611559872003
ATATTCAGTTAAACCT-1,0.194713806970667,0.248244174556571,0.218440696329053,0.266944665314199,0.0716566568295107
ATATTCCCACAGGTCA-1,0.12487992893278,0.234208114241815,0.139920540812842,0.287437072369857,0.213554343642705
ATATTGCTGTCAAAGT-1,0.158360910410773,0.130854998476131,0.10079342929945,0.129158213829728,0.480832447983918
ATATTTAACCCTCAAG-1,0.193530250161586,0.224445176464854,0.209578076034113,0.214537097331216,0.157909400008231
ATCAAACGAAGGTTTG-1,0.159919016869359,0.229460723502397,0.263667374435695,0.289215864179236,0.0577370210133133
ATCAATCTGGGCTGCA-1,0.204379722357998,0.19040192578295,0.192029775278081,0.240116990576854,0.173071586004116
ATCACATTAGAATATC-1,0.21697517927135,0.226613689273701,0.183144076187223,0.26889644239796,0.104370612869766
ATCACGTGCTAATTAA-1,0.183738398834417,0.196897151871725,0.177083856438723,0.226468095593448,0.215812497261687
ATCACTTCATCCTCGC-1,0.191643611553444,0.246099742193156,0.183073232944674,0.305694685901524,0.0734887274072023
ATCAGACGGCACGCCG-1,0.151133395615972,0.318346852641422,0.276594062943751,0.253925688798855,0
ATCAGTAGGCAGGGAT-1,0.273797600139643,0.260198400543184,0.147699191618436,0.262558314421053,0.0557464932776855
ATCATCCAATATTTGT-1,0.276668540580827,0.260816195424515,0.153665140342442,0.221426365337604,0.0874237583146116
ATCCAACGCAGTCATA-1,0.161862941204259,0.252916855696127,0.247765294084611,0.166729409986499,0.170725499028503
ATCCAATGGAGGGTCC-1,0.192145729097139,0.19562895305268,0.145540214428037,0.234502938553401,0.232182164868743
ATCCAGAGCAACAACC-1,0.162025265811313,0.157842218332811,0.216449466809224,0.164023150620159,0.299659898426492
ATCCAGGATTCGTGAA-1,0.178666720258993,0.288833747002923,0.268713055094049,0.263786477644036,0
ATCCTACCTAAGCTCT-1,0.259818737375552,0.251917992685388,0.178063489267758,0.174324573294636,0.135875207376665
ATCCTGAATCGCTGCG-1,0.204772099078225,0.227116613972432,0.275613136795524,0.148831746472414,0.143666403681405
ATCCTGCGTGGAATGG-1,0.159211424545551,0.279522837222549,0.251139271791846,0.310126466440054,0
ATCGACCCAATACAGA-1,0.212079406642352,0.217130930721751,0.216282850135243,0.18927450847092,0.165232304029734
ATCGACTCTTTCCGTT-1,0.227244499696813,0.261219017827167,0.234952290659674,0.276584191816346,0
ATCGCACGCCGGGAGA-1,0.246994950270846,0.212469641161082,0.253909699355451,0.197376448157023,0.0892492610555986
ATCGGCAAGCAGTCCA-1,0.229408959612128,0.234699659283687,0.236236449851306,0.186128090897602,0.113526840355277
ATCTAATATCCTACGG-1,0.230748969196815,0.228094497718509,0.168964468640294,0.121915410971844,0.250276653472539
ATCTCCCTGCAATCTA-1,0.221193045405368,0.238903006130634,0.248619725006759,0.29128422345724,0
ATCTGCACCTCTGCGA-1,0.327220441244399,0.110185870769945,0.122779632829275,0.228739023917553,0.211075031238828
ATCTGGTTAAGACTGT-1,0.197901709551249,0.240601336899392,0.236689854337686,0.271004167335705,0.0538029318759677
ATCTGTAATTGTACCC-1,0.147520861725193,0.283431754183252,0.1666306038797,0.215852625167514,0.18656415504434
ATCTTGACCTGCAACG-1,0.191879297533575,0.256576588135396,0.298921040044659,0.25262307428637,0
ATCTTGACTTGTCCAA-1,0.0943968783394939,0.0688489583804866,0.0592793691181565,0.0878018053506422,0.689672988811221
ATGAAGCCAAGGAGCC-1,0.183495661988382,0.28376640220073,0.172358845475721,0.161799503973907,0.19857958636126
ATGACGCCGGCTCTAA-1,0.210311950810373,0.182043292132771,0.205946159024597,0.158266978974524,0.243431619057736
ATGACTATGCGACATT-1,0.258207501051418,0.197569889291098,0.195498736297742,0.199369245169059,0.149354628190683
ATGAGGAGTGTTAATC-1,0.185367421629204,0.227737697482435,0.227558551952083,0.237274770288542,0.122061558647736
ATGATCGGGAATAGAC-1,0.25254868681959,0.227394857579324,0.221352932241196,0.233921500097352,0.0647820232625377
ATGATGCAATGGTACA-1,0.267257818223404,0.213141298253062,0.253646875523159,0.209911255370782,0.0560427526295926
ATGCACTACCGCATTG-1,0.19162606170705,0.302513621416886,0.239441367960815,0.169733715464794,0.0966852334504562
ATGCATGATCCAGGAT-1,0.260538646333227,0.187210707798222,0.159103193658202,0.253148245803554,0.139999206406796
ATGCCATTTGCGACCA-1,0.142353941340129,0.199768153999013,0.123889964440942,0.11455133994383,0.419436600276086
ATGCCGGTCTTGCATA-1,0.226687846018186,0.251322967710811,0.20247800988158,0.153134111813099,0.166377064576324
ATGCCGGTTGATGGGA-1,0.277700183070653,0.214220758666169,0.204330379813901,0.21476068427357,0.0889879941757067
ATGCGACAGTCCCATT-1,0.239755318501317,0.212501833789641,0.238773527936347,0.150981390251593,0.157987929521103
ATGCTCAGTGTTGCAT-1,0.142115483112421,0.233110844299957,0.149211761459561,0.119978055042109,0.355583856085952
ATGGAGCAGGCCGTGA-1,0.234146284707582,0.308739496370373,0.197897740084343,0.259216478837701,0
ATGGATCCGGCGTCCG-1,0.222559758305222,0.113489630412351,0.160503556808932,0.165643361876519,0.337803692596976
ATGGATTGACCAAACG-1,0.249917665955766,0.219854059092366,0.214906472646634,0.216182729358281,0.0991390729469533
ATGGGCCTCGGCCTCT-1,0.113571566944687,0.187663740106393,0.244050972834039,0.228371210010822,0.226342510104058
ATGGTCGCGTGGTTTC-1,0.187468201291041,0.335853513031212,0.165500649677647,0.21535039971073,0.0958272362893708
ATGTGCATCCGACGCA-1,0.215788208888751,0.216441040773108,0.189212404990796,0.218375619625098,0.160182725722247
ATGTGGACATCTTGAT-1,0.249849350123109,0.239496599380914,0.224083241633615,0.214292233841148,0.0722785750212143
ATGTTACGAGCAATAC-1,0.192588973141257,0.103424001809167,0.179477102494413,0.159056935472913,0.36545298708225
ATTAAACATGCGGACC-1,0.210368658181116,0.274325944083169,0.269582167122851,0.245723230612864,0
ATTAATACTACGCGGG-1,0.212941901897908,0.247378853448123,0.223482134850157,0.219955292391568,0.0962418174122441
ATTAATGAACCAGTCG-1,0.276763331587885,0.20460882641858,0.170792027696501,0.273754239515363,0.0740815747816694
ATTAATTCGGTCACTC-1,0.231863402897497,0.169813202302431,0.211914663749395,0.293813714146335,0.0925950169043419
ATTACAACTACCGGCC-1,0.109751188732081,0.0562709213767614,0.0799330731036396,0.0580122844864037,0.696032532301114
ATTACGCGCTGGCAGG-1,0.219862649779505,0.27766777022204,0.241396879010764,0.261072700987692,0
ATTACTAGCCTCTTGC-1,0.20941367175958,0.274281408142679,0.246303236504326,0.14957392461622,0.120427758977195
ATTACTTACTGGGCAT-1,0.294831245976577,0.151556242968075,0.183441160768003,0.173254117291386,0.196917232995959
ATTAGATTCCTCAGCA-1,0.155796438711738,0.140831645700044,0.152103995135612,0.151834096977163,0.399433823475442
ATTAGATTGATAGCGG-1,0.211276789691081,0.188500838160655,0.23696085047284,0.276781056878297,0.086480464797127
ATTAGGCGATGCTTTC-1,0.142380612288784,0.176306237630385,0.218665366128494,0.103756091501458,0.358891692450879
ATTATACTTTGCTCGT-1,0.224790782392595,0.164237997141183,0.26200382571168,0.24886988225887,0.100097512495673
ATTATGCCATAGGGAG-1,0.178756620711043,0.221378818255297,0.141390568767804,0.287808379369058,0.170665612896798
ATTCAGGACCTATTTC-1,0.271184000364088,0.250785295551014,0.142032671593268,0.177870753403471,0.158127279088159
ATTCAGTAGCAGGGTC-1,0.20843357237627,0.228833430206569,0.29633930101212,0.169821952823123,0.0965717435819184
ATTCATATACTGTCCA-1,0.244228471833717,0.180216891900324,0.207390673194236,0.24234604973974,0.125817913331983
ATTCCCACATAAACAA-1,0.209990837063767,0.212111484165176,0.150828274647524,0.187161044222742,0.23990835990079
