gene,t1_unknown,t2_skeletal_muscle,t3_melanocytes,t4_unknown
AAACAAGTATCTCCCA-1,0.360569067311869,0.145072742160143,0.226065736265382,0.268292454262606
AAACAATCTACTAGCA-1,0.41322392294041,0.18742771340842,0.271668685152216,0.127679678498954
AAACAGAGCGACTCCT-1,0.0877053754119411,0.556433407937056,0,0.355861216651003
AAACATTTCCCGGATT-1,0.229062583304777,0.114678053248089,0.265050867593287,0.391208495853847
AAACCACTACACAGAT-1,0.173893211450405,0.156436259727383,0.411037812078041,0.258632716744171
AAACCCGAACGAAATC-1,0.505895394600931,0,0.494104605399069,0
AAACCGGAAATGTTAA-1,0.204832938761798,0,0.150560569218626,0.644606492019576
AAACCGTTCGTCCAGG-1,0.248771906070899,0,0.342732552596798,0.408495541332304
AAACCTAAGCAGCCGG-1,0.185687861798957,0.466680261106808,0.114732396335795,0.232899480758439
AAACGAAGAACATACC-1,0.739137968471259,0.0536300904598065,0.0925942164285864,0.114637724640348
AAACGACAGTCTTGCC-1,0.111066262479651,0.0983337057942351,0.341411913643025,0.449188118083089
AAACGAGACGGTTGAT-1,0.343810108502167,0.0687926752003373,0.130217571764851,0.457179644532645
AAACGCCCGAGATCGG-1,0.235595450303273,0.0577374342215424,0.335180333412124,0.37148678206306
AAACGGGCGTACGGGT-1,0.430936306181502,0,0.337380872641613,0.231682821176885
AAACGGTTGCGAACTG-1,0.709227104019498,0.11014962336724,0.180623272613261,0
AAACGTGTTCGCCCTA-1,0.191061196703634,0.07907658330247,0.399033408058122,0.330828811935773
AAACTAACGTGGCGAC-1,0.247682523539549,0,0.453976482592496,0.298340993867955
AAACTCGGTTCGCAAT-1,0.147270557662934,0.698362043276546,0.0747070827696854,0.0796603162908348
AAACTCGTGATATAAG-1,0.329976607275912,0,0.54092594937197,0.129097443352118
AAACTGCTGGCTCCAA-1,0.278223752105586,0.32710903184857,0.19585907878907,0.198808137256775
AAAGACATGAAGTTTA-1,0.128800911345435,0.129245362887293,0.389335476715754,0.352618249051518
AAAGACCCAAGTCGCG-1,0.0910217179051998,0.224709910393887,0.423324756148273,0.26094361555264
AAAGCTTGCCTACATA-1,0.100703205859039,0.1038150520509,0.795481742090061,0
AAAGGCTACGGACCAT-1,0.509932655150189,0.0719942962874974,0.360033359240396,0.0580396893219174
AAAGGCTCTCGCGCCG-1,0.267417134814048,0.399051803433798,0.210769020812024,0.12276204094013
AAAGGGATGTAGCAAG-1,0.207934169928251,0.350728787271718,0,0.441337042800031
AAAGGTAAGCTGTACC-1,0.170650623884739,0.0580364599878113,0.430006651207947,0.341306264919503
AAAGGTCAACGACATG-1,0.235509841240971,0.0930449486276089,0.195632091964293,0.475813118167127
AAAGTCACTGATGTAA-1,0.369506471541217,0.0818551425242268,0.32935828968511,0.219280096249446
AAAGTGTGATTTATCT-1,0.149844738719003,0.299232592822767,0.363086671413146,0.187835997045084
AAAGTTGACTCCCGTA-1,0.171319352354955,0.085726841851534,0.214544850508804,0.528408955284708
AAATAACCATACGGGA-1,0.358811701471289,0,0.375591468311742,0.265596830216969
AAATAAGGTAGTGCCC-1,0.276993855694944,0,0.490628414033083,0.232377730271974
AAATACCTATAAGCAT-1,0.190788777079813,0.34428342219341,0.348523377968627,0.11640442275815
AAATAGCTTAGACTTT-1,0.298170587347998,0.175242056472997,0.239283717649919,0.287303638529086
AAATCCGATACACGCC-1,0.0875622705300404,0.171732155486486,0.0643537106700294,0.676351863313445
AAATCGTGTACCACAA-1,0.514600892182913,0.300638976212419,0.101652096185012,0.0831080354196555
AAATCTAGCCCTGCTA-1,0.269082246272005,0.142018349808728,0.339462940006907,0.24943646391236
AAATGATTCGATCAGC-1,0.134391653329886,0.102646418483302,0.548567129333061,0.214394798853752
AAATGGCATGTCTTGT-1,0.245524264244064,0.0502712896128005,0.379359814225542,0.324844631917594
AAATGGTCAATGTGCC-1,0.348444618898056,0.115514903057545,0.238938797032428,0.29710168101197
AAATGTGGGTGCTCCT-1,0.0727485323909084,0.456367576837739,0.161366590568334,0.309517300203019
AAATTAACGGGTAGCT-1,0.306853727688326,0,0.313299916067279,0.379846356244395
AAATTACACGACTCTG-1,0.271414256276152,0,0.424870863296019,0.30371488042783
AAATTACCTATCGATG-1,0.21592282656104,0.0551873998092867,0.19161992872555,0.537269844904123
AAATTCCAGGTCCAAA-1,0.284833612282827,0.0581152737018753,0.460550858363732,0.196500255651565
AAATTGGTGAGAAGCA-1,0.161340951959044,0.14233354222645,0.368696739784484,0.327628766030022
AAATTTACCGAAATCC-1,0.0948752042768965,0,0.437228994092864,0.467895801630239
AAATTTGCGGGTGTGG-1,0.351523759700161,0.161895762486665,0.20859004557381,0.277990432239364
AACAACTGGTAGTTGC-1,0.221703012642041,0.0536165376397028,0.197505690209374,0.527174759508882
AACACACGCTCGCCGC-1,0.413157384672805,0.326905080819644,0.149807905024765,0.110129629482786
AACACGACTGTACTGA-1,0.639044232263993,0.0654185803642333,0.163812070360374,0.131725117011399
AACAGGAAATCGAATA-1,0.284123148695733,0.105564915488726,0.406529042640399,0.203782893175142
AACAGGATGGGCCGCG-1,0.348113268237872,0.188448713383321,0.463438018378807,0
AACAGGTAGTATGGAT-1,0.440447787764071,0,0.348654141533061,0.210898070702868
AACATATCAACTGGTG-1,0.245179254168887,0.117388063274219,0.196745343887397,0.440687338669496
AACATCGATACGTCTA-1,0.263343640775475,0.0693430603821429,0.417503200661633,0.249810098180749
AACATTGTGACTCGAG-1,0.24886160843298,0.231402319134104,0.399308085416003,0.120427987016912
AACCAGTATCACTCTT-1,0.108814897635024,0,0.48512886243117,0.406056239933806
AACCCAGAGACGGAGA-1,0.30618145573715,0.277854173538247,0.2431031770817,0.172861193642903
AACCCGAGCAGAATCG-1,0.323717722698945,0.115955912531492,0.0871299158691422,0.473196448900421
AACCCGATAGGGCTTC-1,0.110993784125593,0,0.442773982811917,0.446232233062489
AACCCTACTGTCAATA-1,0.258005539791497,0,0.456492668396868,0.285501791811635
AACCCTGGTGGAACCA-1,0.303272886298078,0.141557071505459,0.311727639910533,0.24344240228593
AACCGAGCTTGGTCAT-1,0.130855555710664,0.213943323538347,0.0971302135585128,0.558070907192476
AACCGCTAAGGGATGC-1,0.293758127158827,0.308270847270937,0.298263414596172,0.0997076109740641
AACCGTTGTGTTTGCT-1,0.18641570790388,0.443659762968257,0.154364790850034,0.215559738277829
AACCTAAAGCCGTCCG-1,0.0662644578438838,0.363869518438893,0,0.569866023717223
AACCTCGCTTTAGCCC-1,0.111121107201055,0.703850290257286,0.111240448956004,0.0737881535856554
AACCTGTCACGGAATT-1,0.349150533564735,0.0527589382044243,0.492136449463641,0.1059540787672
AACCTTTAAATACGGT-1,0.193868004600759,0.681419397805272,0,0.124712597593969
AACCTTTACGACGTCT-1,0.140096852047358,0.317366234704758,0.0921544211850503,0.450382492062834
AACGATAATGCCGTAG-1,0.183247381474837,0.426182019444907,0.0590815598686209,0.331489039211635
AACGATAGAAGGGCCG-1,0.283443144105423,0.0804992496874541,0.290153070184977,0.345904536022146
AACGATATGTCAACTG-1,0.197260708696468,0.164308032958916,0,0.638431258344617
AACGCATGATCTGGGT-1,0.216695264010708,0,0.484577397828052,0.29872733816124
AACGCGACCTTGGGCG-1,0.184643337070727,0.209856199310996,0.605500463618277,0
AACGCGGTCTCCAGCC-1,0.198104321130599,0.200796094500336,0.0964084307874775,0.504691153581587
AACGCTGTTGCTGAAA-1,0,1,0,0
AACGGACGTACGTATA-1,0.531341801485473,0.224171479799056,0.244486718715471,0
AACGGCCATCTCCGGT-1,0.156549277874981,0.17816704184392,0.332833968994101,0.332449711286998
AACGTACTGTGGGTAC-1,0.338997270591738,0,0.354620227711571,0.306382501696691
AACGTAGTCTACCCAT-1,0.406647738296356,0.103223005661038,0.431628309336021,0.0585009467065847
AACGTCAGACTAGTGG-1,0.191076287939592,0.0799997038093898,0.31492264963428,0.414001358616738
AACGTGATGAAGGACA-1,0.271955528807909,0.147382463272156,0.127880657573117,0.452781350346818
AACGTGCGAAAGTCTC-1,0.184732219773068,0,0.326806259248431,0.488461520978501
AACTACCCGTTTGTCA-1,0.406690960651055,0,0.379216464666731,0.214092574682213
AACTAGCGTATCGCAC-1,0.122311279553697,0.477015687303133,0.148063793279509,0.252609239863662
AACTAGGCTTGGGTGT-1,0.453765061613704,0.170530361039885,0.206209840344643,0.169494737001768
AACTCAAGTTAATTGC-1,0.208204976251348,0.087189080324748,0.258895553263301,0.445710390160603
AACTCCAGAGCGTGTT-1,0.250849965248257,0.285261876317905,0.257644061490353,0.206244096943485
AACTCCTAATCCCATG-1,0.188601598148305,0.151536174612514,0.23011771864878,0.429744508590402
AACTCTCAATAGAGCG-1,0.175459649676532,0.0535720029951627,0.27591423556264,0.495054111765665
AACTCTCAGTGTGCTC-1,0.532334592839517,0,0.238377876070251,0.229287531090232
AACTGAGGTCAGCGTC-1,0.199081657798533,0.067035597831117,0.465405107380424,0.268477636989927
AACTGAGTTATACTGA-1,0.305684620032602,0,0.145400107196136,0.548915272771262
AACTGATATTAGGCCT-1,0.487467881577354,0,0.373949774456734,0.138582343965912
AACTGGGTCCCGACGT-1,0.236259987484884,0,0.417665091886103,0.346074920629013
AACTGGGTTCGAGCCG-1,0.161056627286995,0,0.486104914286011,0.352838458426995
AACTGGTGTGGGCCTT-1,0.0588254005145113,0.355852546092919,0.144713676409511,0.440608376983058
AACTTGCCCGTATGCA-1,0.158094747210369,0.706608217054436,0.0763881214528799,0.0589089142823153
AACTTTAGCTGCTGAG-1,0.182191449895467,0.631429370877175,0.082095483880604,0.104283695346754
AACTTTCTCGATCATG-1,0.0732378749926835,0.0729254226098141,0.749105164240907,0.104731538156595
AAGAAATCACCAGATT-1,0.137126484096635,0.0655394798140709,0.741236219343293,0.056097816746001
AAGACCCAACTGAACA-1,0.167083707719222,0.460406911586224,0.291212934417145,0.081296446277409
AAGACTCACGCCCACT-1,0.278950040219133,0.0743224566328783,0.333996138840836,0.312731364307153
AAGACTGCAAGCTACT-1,0.358729949879376,0,0.344581167291983,0.296688882828641
AAGAGCTCTTTATCGG-1,0.327032405334587,0.187402827542857,0.128283943408479,0.357280823714077
AAGAGGATGTACGCGA-1,0.321854256921565,0.276159014233479,0.298916321705971,0.103070407138986
AAGAGGCATGGATCGC-1,0.258173370937448,0,0.360985655009163,0.380840974053389
AAGAGGCCCTTTGGAA-1,0.119174221799346,0.0711770655409562,0.127726392463936,0.681922320195762
AAGATGGCACCGGACC-1,0.245116258212822,0.15405224384465,0.296880673306203,0.303950824636325
AAGATTGGCGGAACGT-1,0.267701479380592,0.0734905256636684,0.417659501165092,0.241148493790648
AAGCACCCTGCGTATC-1,0.0646018480833028,0.880862507838174,0,0.0545356440785228
AAGCATACTCTCCTGA-1,0.330541261523499,0.373930430646582,0.241764493691905,0.053763814138014
AAGCCGAAGCGGTTTA-1,0.295880936247098,0.0921974339919367,0.360746119014901,0.251175510746064
AAGCCGCTTTACCTTG-1,0.152857803343922,0.187959057709124,0.386103496113597,0.273079642833357
AAGCCGGAGAGCAGGA-1,0.0800651898333574,0.128630490990607,0.186715529976582,0.604588789199454
AAGCGCAGGGCTTTGA-1,0.0726913649362562,0.392510927974686,0,0.534797707089058
AAGCGGAGTGCGCGCA-1,0.118568975477402,0.139246862781548,0.635247894313687,0.106936267427363
AAGCGGCGTCATGGGT-1,0.0799331159420183,0,0.378978681044838,0.541088203013144
AAGCGTCCCTCATCGA-1,0.432419912408907,0.194596395710807,0.210954518580105,0.162029173300181
AAGCTAGATCGAGTAA-1,0.226706271145901,0.547642750104121,0.156273134745596,0.0693778440043821
AAGCTCGTGCCAAGTC-1,0.23464018938125,0,0.328540744624071,0.436819065994679
AAGCTCTTTCATGGTG-1,0,0.935757318268021,0,0.0642426817319785
AAGGAGCGGTTGGTGC-1,0.196589284253882,0.105157529248147,0.262216470315463,0.436036716182508
AAGGATCGATCGCTTG-1,0.392044068593827,0,0.522387438437459,0.0855684929687143
AAGGATGAGGGACCTC-1,0.370704647805525,0,0.287717308172472,0.341578044022003
AAGGCAGGCTGTCTCC-1,0.361172956192901,0.0945314906429446,0.413370056354559,0.130925496809595
AAGGCGCGTAAAGCTT-1,0.28693513593697,0.0718926858430246,0.25441379375774,0.386758384462265
AAGGCTGTGCTCATCG-1,0.0788082215060367,0.151728373765881,0.113443830129982,0.6560195745981
AAGGGACAGATTCTGT-1,0.129205391572394,0,0.164039375865781,0.706755232561825
AAGGTATCCTAATATA-1,0.157233405899823,0.0933380895040967,0.0879255863797034,0.661502918216377
AAGGTGATAAACCAGC-1,0.183825627561359,0.0877628231319191,0.353558171387108,0.374853377919613
AAGTAAGCTTCCAAAC-1,0.300270409193632,0.0558268793799818,0.581800932178598,0.0621017792477876
AAGTAGAAGACCGGGT-1,0.362283169997877,0,0.315639845446208,0.322076984555915
AAGTAGTGACGCGAGG-1,0.354619216389017,0.319481566225637,0.325899217385346,0
AAGTCAATTGTCGTCA-1,0.279297867641217,0.269098277402648,0.35983579502599,0.0917680599301457
AAGTCTAGTAGCTGCC-1,0.207146462353335,0.0717312123846679,0.649027758415261,0.0720945668467356
AAGTGAGTCGGGTTTA-1,0.462012184167217,0,0.380618081043511,0.157369734789273
AAGTGCCTTGACTGTA-1,0.513274644906827,0.0871963264797219,0.399529028613451,0
AAGTGTTTGGAGACGG-1,0.0608714736125287,0.82188355433471,0.058981568477676,0.0582634035750854
AAGTTCACTCCAAGCT-1,0,0.938659397042205,0.0613406029577947,0
AAGTTCAGTCTGCGTA-1,0.120161225887409,0.094953228586982,0.443661852605964,0.341223692919645
AAGTTGTGATGTTATA-1,0.233183811678532,0.467260710924091,0.0687283517717515,0.230827125625626
AAGTTTACTAATGGCA-1,0.741308532956712,0.0743296714117598,0.184361795631528,0
AAGTTTATGGGCCCAA-1,0.344350868888302,0.259589686753126,0.111916238473187,0.284143205885384
AATAACAACGCTCGGC-1,0.160510919055974,0.52117852677461,0.154085571673873,0.164224982495544
AATAACACTAGAACAA-1,0.308842694635215,0.0569633103035007,0.354907761155946,0.279286233905338
AATAAGTCCTCGAGAC-1,0.329201900596956,0.0590751512486253,0.340965993831044,0.270756954323375
AATAATCTTCGTATCG-1,0.242159336587749,0,0.268529840363004,0.489310823049247
AATACCTGATGTGAAC-1,0,0.934509641074457,0.065490358925543,0
AATAGAACAGAGTGGC-1,0.477718829138342,0.0587996442134231,0.347483628782566,0.115997897865669
AATAGAATCTGTTTCA-1,0.229366229679053,0.312937489609394,0.457696280711553,0
AATAGCAAGCCTCCTG-1,0.272574735083419,0,0.450766280698666,0.276658984217915
AATAGCTACCGCGTGC-1,0.324689321942487,0,0.403094109723389,0.272216568334125
AATAGTCCGTCCCGAC-1,0.204740247838842,0.245056178299613,0.083323610797093,0.466879963064452
AATATCAAGGTCGGAT-1,0.16850395513468,0.251919933973878,0.178043809153516,0.401532301737926
AATATCGAATCAATGC-1,0.386167830566827,0.0516997539850462,0.382770569278645,0.179361846169482
AATATCGAGGGTTCTC-1,0.402317351843121,0.0844119672271195,0.286455061245223,0.226815619684536
AATCATGTAAAGACTC-1,0.337991572615668,0.319626532308361,0.278484062143545,0.0638978329324263
AATCCAAGGGCCTGAG-1,0.431716582877592,0,0.486412413940014,0.0818710031823942
AATCGCCTCAGCGCCA-1,0.370794499595953,0.0680368289524645,0.368358609349993,0.192810062101589
AATCGCGCAGAGGACT-1,0.507199907068664,0,0.334245726294983,0.158554366636353
AATCGGGACACTACGA-1,0.396512472968562,0.0759356594691965,0.401174237865713,0.126377629696529
AATCGTGAGCCGAGCA-1,0.144914604146555,0.260881798633289,0.12295774399041,0.471245853229747
AATCTATGCCGGAGCC-1,0.274791092550694,0.0507675765175056,0.612559206270447,0.0618821246613535
AATCTGCGTTGGGACG-1,0.116767579266042,0,0.442390760773103,0.440841659960854
AATCTGGGTAGACCCT-1,0.255762250648002,0,0.470782441101036,0.273455308250962
AATGACGTAGGATGTC-1,0.459577432045849,0.0970309867994101,0.274822083209379,0.168569497945361
AATGACTGTCAGCCGG-1,0.349460277438775,0.147619999700568,0.32484955541171,0.178070167448947
AATGATGATACGCTAT-1,0.112376731158779,0.584314349432888,0.0988749591273041,0.204433960281029
AATGATGCGACTCCTG-1,0.173515346512162,0.118209265383037,0.418578680383722,0.289696707721079
AATGCAACCGGGTACC-1,0.266601222402571,0.192750760187325,0.136176406323048,0.404471611087056
AATGCACCAAGCAATG-1,0.0888357212328594,0,0.272650966437164,0.638513312329977
AATGGCCGCCAATGCG-1,0.0801022131732401,0.0747371248578715,0.53003345099417,0.315127210974718
AATGGTTCTCACAAGC-1,0.123521994912053,0.195123000742397,0.320329051897083,0.361025952448467
AATTAAAGGTCGGCGT-1,0.184154055253506,0.194438189062714,0.0670845727511484,0.554323182932631
AATTAACGGATTTCCA-1,0.0729087373820361,0.781755464460483,0,0.145335798157481
AATTAGCGCTGCAGCG-1,0.435051166539834,0.336700901331418,0.174146973431225,0.0541009586975234
AATTCATAAGGGATCT-1,0.433933952110249,0.144610339835358,0.315979141935281,0.105476566119112
AATTCCAAGCATGTAC-1,0.730208947357506,0,0.269791052642494,0
AATTCGATTCGAGGAT-1,0,1,0,0
AATTCTAGAGTTAGGC-1,0.122022832698971,0.521821723407612,0.0503743448296618,0.305781099063756
AATTGAACGCTCTGGT-1,0.273124895406611,0,0.473903338220445,0.252971766372943
AATTGCAGCAATCGAC-1,0.374329811094427,0.0694124004089258,0.29407231520767,0.262185473288978
AATTGTGGTTGCCAAA-1,0.296568373489545,0.266020101617113,0.188232398379526,0.249179126513817
AATTTGGGACATAGTA-1,0.115128398923017,0.659410714386361,0.0757266161324109,0.149734270558211
AATTTGGTTCCAAAGA-1,0.0855987211239296,0.158432464583069,0.167772454366468,0.588196359926534
ACAAACCGACAAGGCG-1,0,0.399689389970317,0.0875088511407795,0.512801758888904
ACAAAGCATGACCTAG-1,0.307075638061748,0.0504031078843834,0.347970707146778,0.29455054690709
ACAAATCGCACCGAAT-1,0.0737088791446867,0.718937732878743,0.116374537597443,0.0909788503791276
ACAAATGGTAGTGTTT-1,0.250270830094628,0.0937219030432444,0.141949202817595,0.514058064044533
ACAAATTCAGATCTGA-1,0.310102061123265,0,0.391088598453801,0.298809340422935
ACAACAGCATGAGCTA-1,0.264972007143468,0,0.377755066402158,0.357272926454374
ACAAGCAGTGCCTAGC-1,0.292361732073746,0.271739487497301,0.342062632709053,0.0938361477198993
ACAAGGAAATCCGCCC-1,0.117918315991548,0.641192712791618,0.240888971216834,0
ACAAGGACAAGAGGTT-1,0.353386882544686,0.0546033501400905,0.337518400828948,0.254491366486275
ACAAGGATGCTTTAGG-1,0,0.390620348487655,0.0596817556137015,0.549697895898643
ACAAGGCCTACCAGCC-1,0.220539000505344,0,0.419697768108553,0.359763231386103
ACAAGGGCAGGCTCTG-1,0.286587169339938,0.10244559484872,0.500368182902271,0.110599052909072
ACAATCCATTTAAACC-1,0.113666521873576,0.658377494786814,0.151162396380924,0.0767935869586861
ACAATCGATCTTTATA-1,0.227425923975749,0.283448050473637,0,0.489126025550614
ACAATGATTCTTCTAC-1,0.259123827830848,0.0520778823783096,0.387895638987002,0.30090265080384
ACAATTGTGTCTCTTT-1,0.347682898801864,0.169758170188828,0.380143962190657,0.102414968818651
ACAATTTGAGCAGTGG-1,0.377974799260864,0.0505780499315106,0.170821140729793,0.400626010077832
ACAATTTGGCCATATT-1,0.427201913552769,0,0.371554675189767,0.201243411257464
ACACAAAGACGGGTGG-1,0.258181894423848,0.223618463112844,0.163966936777284,0.354232705686024
ACACAAATATTCCTAG-1,0.178105157617499,0.288719585330983,0.3152664524264,0.217908804625118
ACACACCAGGACCAGT-1,0.105404906845185,0.0907150060231137,0.316612802224159,0.487267284907543
ACACACTTTCTACACG-1,0.670571727392745,0,0.168227040332342,0.161201232274913
ACACATTTCCGTAGAC-1,0.851048646807262,0.0931519964860347,0.0557993567067037,0
ACACCACATAATTAGC-1,0.454510110246895,0,0.413193564865311,0.132296324887794
ACACCCAGCATGCAGC-1,0.237620696025826,0.290568086360401,0.23973405993064,0.232077157683133
ACACCCGAGAAATCCG-1,0.183209603229378,0.24468709703735,0.183558795583171,0.388544504150101
ACACCTTACTACTTGC-1,0.529819916867439,0.0800162165620696,0.309251768926185,0.0809120976443058
ACACGAGACTCCTTCT-1,0.231764519780561,0.054703817115459,0.224689916790762,0.488841746313218
ACACGGCACTATGCAT-1,0.425401416059561,0.123291373408602,0.337408601202757,0.11389860932908
ACACGGGAACTTAGGG-1,0.306781549268758,0.123181329054749,0.259245285755757,0.310791835920736
ACACGTAGGCCACAAG-1,0.133354550861289,0.260656228390709,0.155440647322944,0.450548573425058
ACACTGATCAAGGTGT-1,0.489431209431334,0.0606342153733007,0.250625784106609,0.199308791088757
ACACTGGGACAGTCGT-1,0.268062577118412,0.122348862103421,0.16392784500506,0.445660715773107
ACAGATTAGGTTAGTG-1,0.556272808180061,0,0.334028206604848,0.109698985215091
ACAGCATAGAGCCAGT-1,0.51134963175651,0,0.267357656100573,0.221292712142917
ACAGCGACATTCTCAT-1,0.17253825000746,0.14238682531126,0.194165086265418,0.490909838415862
ACAGCGCACCCGCAGC-1,0.47441359369752,0,0.419269879878742,0.106316526423739
ACAGGCACGGATCCTT-1,0.386966979891614,0.389283834151316,0.127589264510837,0.0961599214462331
ACAGGCTTGCCCGACT-1,0.178964834315603,0.581182949018846,0.133541337331542,0.106310879334009
ACAGGTGGAGGTGAGG-1,0.487007747958585,0,0.293513853550446,0.219478398490969
ACAGTATACCGTGGGA-1,0.263343419719066,0.055181008345807,0.375850062345092,0.305625509590034
ACATAATAAGGCGGTG-1,0.418497047153821,0,0.380313028665839,0.20118992418034
ACATACAATCAAGCGG-1,0.303601638485206,0.250196773136259,0.287862187995784,0.158339400382751
ACATCCCGGCCATACG-1,0.346121433414985,0.402675015366037,0.175075786093418,0.0761277651255594
ACATCCTGGTAACTGT-1,0.294721763889334,0.154381514590093,0.338381882407656,0.212514839112917
ACATCGATCGTTTACC-1,0.197697518180599,0.418537844940871,0.271927065877301,0.111837571001229
ACATCGGTCAGCCGCG-1,0.192593950049195,0.416341971125762,0,0.391064078825043
ACATCGTATGCAATGG-1,0.528527125861366,0.128187678617542,0.163873087506121,0.179412108014972
ACATCGTTAACCTAGT-1,0.0633213273001739,0.617918508438595,0.0977734633623865,0.220986700898845
ACATCTCAACGCGTAA-1,0.45726691324458,0,0.436826961648785,0.105906125106635
ACATGGCGCCAAAGTA-1,0.289137218361941,0.163885799704663,0.442240518196826,0.104736463736569
ACATTAGTTTATATCC-1,0.443593454639659,0.0846616568376918,0.308909812846568,0.162835075676081
ACATTTGAAACCTAAC-1,0.0502184353014692,0.733463679876698,0.146500273445809,0.0698176113760241
ACCAAACACCCAGCGA-1,0.216540517806873,0.0783481781960125,0.392953631235656,0.312157672761458
ACCAAACTAGAAATCC-1,0.508668810982773,0.111595493720994,0.204203836853903,0.17553185844233
ACCAACACCACACACT-1,0.203029748386771,0.126081745089281,0.40100840069212,0.269880105831828
ACCAACCGCACTCCAC-1,0.382320241418632,0.0700972793200524,0.47396791876001,0.0736145605013062
ACCAACGCTTATTTAT-1,0.542658420772759,0.0558374050439663,0.203936701971725,0.197567472211549
ACCAAGAACGCGTGTC-1,0.418881319017798,0,0.368999358288992,0.212119322693209
ACCACAAGTTTCTATC-1,0.538882332596043,0,0.225817757737819,0.235299909666138
ACCACCAATGTAACAA-1,0.3385670473369,0.060021712302996,0.478966459509152,0.122444780850952
ACCACCCTCTCTTCTA-1,0.124425375377836,0.281081733935863,0.414938691874777,0.179554198811524
ACCACGTGCAGCTATA-1,0,0.791122466672487,0.0964496322876882,0.112427901039825
ACCAGCCCGGTCTTTG-1,0.293359987592351,0.118538801456219,0.257742853190901,0.330358357760529
ACCAGGAGTGTGATCT-1,0.100847803401871,0.405734883621404,0.255147490003179,0.238269822973546
ACCAGTGCCCGGTCAA-1,0.200940432262181,0,0.440670254011372,0.358389313726447
ACCAGTGCGGGAGACG-1,0.287010325922964,0.416446449185997,0.117924870952627,0.178618353938412
ACCATATCCGCAATAA-1,0.439973572920738,0.0763062404767954,0.238265288372843,0.245454898229623
ACCATCGTATATGGTA-1,0.248978920906689,0.452327606233243,0.21235511647076,0.0863383563893077
ACCCAACGCCCGTGGC-1,0.261953652693748,0.0630775875245389,0.28459799425812,0.390370765523593
ACCCATCTTGAGGGTA-1,0.391447942834127,0.0853321712303276,0.293325376983966,0.22989450895158
ACCCATTTGTCCCTCT-1,0.198229566914135,0.134285754111736,0.136185944532259,0.531298734441871
ACCCGGAAACTCCCAG-1,0.134661701691475,0.482383800322179,0.0801077521287493,0.302846745857597
ACCCGGATGACGCATC-1,0.0613802985333426,0,0.435083711894534,0.503535989572124
ACCCGGTTACACTTCC-1,0.147147899507932,0.433317219546572,0.132015069482665,0.287519811462832
ACCCGTGTCATCAGTA-1,0.137412655971055,0.238135235286196,0.243937029559482,0.380515079183267
ACCCTATGCCATATCG-1,0.235273217262717,0.111540866532473,0.117197433822959,0.535988482381851
ACCCTCCCTTGCTATT-1,0.283158662990489,0.464471966276767,0.164517942729009,0.0878514280037347
ACCCTGGTAACGCCCT-1,0.253578458266451,0.148237170071532,0.400036626370219,0.198147745291798
ACCCTTCATCTGCGAA-1,0.053267867337141,0.333769998473864,0.135831227745605,0.477130906443389
ACCCTTGCCTGGGTCG-1,0.273085366384227,0.15395446319843,0.360331040053563,0.212629130363779
ACCGAAAGGGCCCTGC-1,0.378201237172269,0.0962398402659714,0.242430715398496,0.283128207163263
ACCGACACATCTCCCA-1,0,0.908461118956014,0,0.0915388810439859
ACCGACTGAGTCCCAC-1,0.163704718495633,0,0.428453757163013,0.407841524341355
ACCGAGTCTCCTTATT-1,0.100067011879115,0.265122216853576,0.0516083865113446,0.583202384755964
ACCGATATTTAATCAT-1,0.32292732377391,0,0.134671762301304,0.542400913924786
ACCGATGGTAGCATCG-1,0.0974722284045971,0,0.474569138961082,0.427958632634321
ACCGCAATAACTGCCT-1,0.178250105804252,0.529206920638412,0.157267970449399,0.135275003107937
ACCGCGGTGGAAGTCG-1,0.630586053414007,0,0.369413946585993,0
ACCGGGCCTTTGTTGA-1,0.377474448295088,0.149679037274985,0.38614468923326,0.0867018251966665
ACCGGTCTGAGTACGG-1,0.14901329039009,0,0.426262518452555,0.424724191157355
ACCGTGACCACGTGGG-1,0.271386169257034,0.183023587465557,0.382676755840097,0.162913487437311
ACCGTTCCCGCTCTGA-1,0.29090497673347,0.0954493997180128,0.510859900286567,0.10278572326195
ACCTAATCGACTTCCT-1,0.282420756668844,0.36348031803454,0.27701638874382,0.077082536552797
ACCTACAGTATGTGGT-1,0.521180995421505,0.0583499552231699,0.306203020758862,0.114266028596463
ACCTACTATAAATCTA-1,0.648159846752454,0,0.351840153247546,0
ACCTCCGCCCTCGCTG-1,0.238867923212269,0.190304234167158,0.154692415527054,0.416135427093518
ACCTCCGTTATTCACC-1,0.320645145158404,0.0579893894316124,0.456078082132256,0.165287383277728
ACCTTTCCTTTAGAAG-1,0.0703121805793892,0.313862921550994,0.197870816273751,0.417954081595866
ACGACTCTAGGGCCGA-1,0,1,0,0
ACGAGAACCCATCACG-1,0.300945248475843,0.0625922717031894,0.202795906245819,0.433666573575149
ACGAGATATTTGCTTA-1,0.23718495765867,0,0.439528330140985,0.323286712200344
ACGAGTACGGATGCCC-1,0.529794372006255,0.0515677934430127,0.169722474358283,0.24891536019245
ACGATACATAGAACTA-1,0.154832804818829,0.60485378128149,0.0526958177533669,0.187617596146314
ACGATCATACATAGAG-1,0.135846639422608,0.321801657908683,0,0.542351702668709
ACGATCATCTTGTAAA-1,0.127218338436963,0.102183421717304,0.376978707904962,0.393619531940771
ACGATGCATATGTTAT-1,0.500252655027571,0.109999820167894,0.154885149721334,0.234862375083202
ACGATGGATCCGATGC-1,0.279164744638687,0.273456119093762,0.109344352515472,0.338034783752079
ACGCAAACTAATAGAT-1,0.416335336855887,0,0.423741800338124,0.159922862805989
ACGCAATCACTACAGC-1,0.288403432095721,0,0.489212099764651,0.222384468139628
ACGCATAAATGACATG-1,0.243686928512759,0.0970475853937068,0.421582737448869,0.237682748644665
ACGCATACGTTTACTA-1,0.170870051587519,0.283218022845077,0.0848912707975232,0.46102065476988
ACGCATTCGTGAGTAC-1,0.229728718953949,0,0.290388952050468,0.479882328995583
ACGCCAGATGATTTCT-1,0.278441807022735,0.10400882317331,0.345425396158579,0.272123973645376
ACGCCCAGCTGTCGAT-1,0.506353236451124,0.0723823524443032,0.173671077552681,0.247593333551892
ACGCCGCTAGACGACC-1,0.43553095779243,0.153745379550174,0.163607715123271,0.247115947534124
ACGCGAAGTCAGACGA-1,0.176796715723573,0.431067657185467,0.143683703954056,0.248451923136904
ACGCGCTACACAGGGT-1,0.177383634312753,0.365086255373374,0.12277981694227,0.334750293371602
ACGCGGGCCAAGGACA-1,0.212632345413381,0,0.298295660429136,0.489071994157483
ACGCTAGTGATACACT-1,0.322967768890185,0.224811226790799,0.149038848611614,0.303182155707403
ACGCTTAGTGTCTCTC-1,0,0.519561623336933,0.1001386231034,0.380299753559666
ACGGAACACGAGTGCC-1,0,0.729912683412306,0.0639937242138912,0.206093592373803
ACGGACTCTCAAAGCG-1,0.162824283448344,0.604017396288813,0.109270132984674,0.123888187278169
ACGGAGCGCAAATTAC-1,0.606942519661912,0,0.309519188076368,0.08353829226172
ACGGATGGTGCGGATA-1,0.0989347402371417,0.773494841546944,0.0527751257177244,0.0747952924981895
ACGGCACTTGCTTGGG-1,0.636381558324912,0.129477311186083,0.137339617871186,0.0968015126178187
ACGGCCAACATGGACT-1,0.44007232050927,0.135689382500041,0.251312245350005,0.172926051640684
ACGGCGACGATGGGAA-1,0.124165219226307,0.45554451868309,0.211809681923376,0.208480580167227
ACGGGCGTATGCGACA-1,0.3252058497495,0.0502278741848279,0.496936149466388,0.127630126599284
ACGTACAGATTTCTCT-1,0.349657115712692,0.0780240322676211,0.159644833966266,0.412674018053421
ACGTAGATTGCTGATG-1,0.341673445047564,0,0.291212442092879,0.367114112859557
ACGTAGGAGAGTCGCT-1,0.0999095607197049,0.767918039737763,0,0.132172399542533
ACGTATTACTCCGATC-1,0.267259928945205,0,0.27848243279091,0.454257638263885
ACGTCCTAAACGAGAT-1,0.0903569312785544,0.362087835146263,0,0.547555233575183
ACGTGCGCCTCGTGCA-1,0.297572247692581,0,0.369668215992943,0.332759536314476
ACGTGGTCGAATGTGC-1,0.197210152875905,0.222053943352896,0.151810771161124,0.428925132610075
ACGTTAATGTCGAAGA-1,0.401336789894828,0.181340050911598,0.200891452760535,0.216431706433038
ACGTTAGATTTGCCCG-1,0.40546378002738,0.240995768207587,0.122229324647442,0.231311127117591
ACGTTCCGCGCTCCGT-1,0.0602368842651463,0.387398499470642,0.0556269055382158,0.496737710725995
ACGTTCGCAATCAATT-1,0.285406279874579,0,0.593221736467854,0.121371983657567
ACGTTCGTTCAGGAAA-1,0.400330173705713,0.142813757179063,0.259248598970839,0.197607470144384
ACGTTCTGTACAAGTC-1,0.483532468529061,0,0.386424789614642,0.130042741856297
ACGTTTAGTTGTGATC-1,0.276044233668384,0.366434320382165,0.0690919717971031,0.288429474152349
ACTAAGGACGCACACC-1,0.0831056870580425,0.0604686350631042,0.667404940305994,0.18902073757286
ACTAATACGTCAGGCG-1,0.218231110243797,0,0.266358612394899,0.515410277361304
ACTACCAGCTCTCTGG-1,0.150391714268508,0.0761127425962636,0.145934111965211,0.627561431170017
ACTACGCGTTAGAATT-1,0.190733026680513,0.350916817625261,0.218234962374452,0.240115193319774
ACTAGTTGCGATCGTC-1,0.302182487070966,0.0583565375991222,0.313278006961701,0.326182968368211
ACTATATGCTGTGTTC-1,0.193856639294111,0,0.241343292157937,0.564800068547952
ACTATCCAGGGCATGG-1,0.334721418692085,0,0.492911982955548,0.172366598352367
ACTATCTGCCCGCGTA-1,0.411553715120551,0,0.383427644886495,0.205018639992954
ACTATTCGTCCGTGGT-1,0.0910086184704599,0,0.482503250636413,0.426488130893127
ACTATTTCCGGGCCCA-1,0.147483929092966,0.403333173475452,0.119338704127015,0.329844193304567
ACTCAAGTGCAAGGCT-1,0.0587386540373923,0.798376829795311,0,0.142884516167296
ACTCAATAAAGGCACG-1,0.161470380170449,0.262636263949208,0.0826068045846059,0.493286551295737
ACTCAGACCTGCTTCT-1,0.273112931427231,0.207552245465078,0.26869416026926,0.250640662838431
ACTCCCGAATTCGTTT-1,0.20608729069046,0.220880891366405,0.396734573385761,0.176297244557375
ACTCCCGTAGACTAGG-1,0.241826614608285,0.248018738925186,0.354957413331184,0.155197233135346
ACTCCCTAATGCTAAA-1,0.141636540643786,0.801150669611759,0.0572127897444552,0
ACTCCCTAGAATAGTA-1,0.302559554474616,0.462214127300106,0.12796823659281,0.107258081632468
ACTCCGGCCGACCACT-1,0.0991038784896644,0.180731371735942,0.132153388888381,0.588011360886013
ACTCGCGATCTGACGC-1,0.401272234967701,0,0.412198978515364,0.186528786516936
ACTCGTCAGTAATCCC-1,0.355391501364317,0.056290517939731,0.222775865329632,0.36554211536632
ACTCTCTGACTTAGGT-1,0.415627196562909,0.116368460412003,0.23309822769371,0.234906115331379
ACTCTTCAGCTCCCGC-1,0.306723770962242,0.0756730556148474,0.368865020929396,0.248738152493515
ACTCTTGTATAGTAAC-1,0.37220453766929,0.0827775445886181,0.0510536531310624,0.493964264611029
ACTGAAACGCCGTTAG-1,0.158916706006922,0.478839142768907,0.199678275672838,0.162565875551333
ACTGAATGGCGAAAGT-1,0.13610417968955,0.58682264249692,0.0946871712870544,0.182386006526476
ACTGATTTAGTGATTC-1,0.167669981908717,0.257174616672976,0.156213615282068,0.418941786136239
ACTGCCGTCGTAACTC-1,0.131024145447074,0.0897844400786558,0.557578441543542,0.221612972930729
ACTGCGGACACACCGT-1,0.300348724999038,0.125547549363103,0.520684214050038,0.0534195115878213
ACTGGCGAACCTGCGT-1,0.141212761780136,0.112387780896982,0.631703148554284,0.114696308768598
ACTGTACGATACACAT-1,0.255663253638963,0,0.107573094739498,0.636763651621539
ACTGTAGCACTTTGGA-1,0.153519663310202,0,0.394228613221995,0.452251723467802
ACTGTATACGCGAGCA-1,0.296438198104396,0.0686757831404685,0.325548772807666,0.309337245947469
ACTGTCCAGGATTATA-1,0.493758577196208,0.0749503157222343,0.175510230685855,0.255780876395703
ACTGTCTTCTTTAGAA-1,0.137739196268679,0.0583793428295925,0.202219803153866,0.601661657747863
ACTGTTTAGTGTAGGC-1,0.164903750765586,0.135477058914267,0.0538397374443125,0.645779452875835
ACTTACCGGGCGCGCA-1,0.0512853750028962,0,0.440868124772004,0.5078465002251
ACTTACGCATCCACGC-1,0.150808078817363,0.500927553482517,0.139859993395276,0.208404374304844
ACTTATACTTACCCGG-1,0.159458545615541,0,0.416172937805764,0.424368516578694
ACTTATTAGGATCGGT-1,0.224049171016002,0.106411418469721,0.194252425819601,0.475286984694676
ACTTATTTATGTGCCA-1,0.203694836455793,0.397342881813236,0.195268651130526,0.203693630600445
ACTTCAGGCTGATCCC-1,0.0835200060064679,0.696343812992133,0.12727548176671,0.0928606992346896
ACTTCCATGCGGGACA-1,0,0.845980151919956,0.0823290187176951,0.0716908293623489
ACTTCGCCATACGCAC-1,0.397376937067467,0.0637671648209801,0.112894944074645,0.425960954036908
ACTTCGCTAGCGAGTG-1,0.0901115275517289,0.115564267480576,0.597595888472936,0.19672831649476
ACTTGACTCCCTCTTT-1,0.285322998044437,0.158302143659077,0.219845135631429,0.336529722665056
ACTTGGGACCCGGTGG-1,0.112523546673577,0,0.338295913835281,0.549180539491142
ACTTGTGGATGGAACG-1,0.247235016978797,0.117695281344042,0.432530702556995,0.202538999120167
ACTTTACCCTCATGAA-1,0.214714930370839,0.115661783879937,0.363126471789433,0.30649681395979
ACTTTCCTATAGCTTC-1,0.149708938149193,0.15248827180504,0,0.697802790045767
ACTTTGTCGACGCACT-1,0.125218917728105,0,0,0.874781082271895
AGAAATTATGACTCGC-1,0.370698020001984,0.0868047760644821,0.279227052207784,0.26327015172575
AGAACCCAGCGTGACA-1,0.519908166978045,0,0.204352070048147,0.275739762973807
AGAACGTGGTACATTC-1,0.367698647851621,0.0602575146055732,0.151503187632963,0.420540649909844
AGAACTGTACTTTGTA-1,0.328904954947673,0.268254379755359,0.236091260169492,0.166749405127475
AGAAGGTTGCCGAATT-1,0.077274061955498,0.859726288827833,0.0629996492166691,0
AGAAGGTTGTAGGTCG-1,0.112136100792211,0.887863899207789,0,0
AGAATACAGGCTATCC-1,0.17323082202515,0.330975175722369,0.330879666786989,0.164914335465492
AGAATGCGGGTTCGGA-1,0.186279123990245,0.0566253147376827,0.364804601007454,0.392290960264618
AGAATTATGGATTCGA-1,0.140682173954585,0.0543906659455961,0.338686703528543,0.466240456571276
AGACAGGCATCTCAGC-1,0.21484238497036,0,0.0844786678971132,0.700678947132526
AGACATAGATCCTTCC-1,0.0919281078734629,0.283841149221923,0.116879550890326,0.507351192014287
AGACCCACCGCTGATC-1,0,0.932468337607558,0.0675316623924424,0
AGACCCGCCCTCCTCG-1,0.386387751853188,0.0931689824539768,0.282653744018018,0.237789521674816
AGACCGCTCCGCGGTT-1,0.409054578532806,0,0.460933038341556,0.130012383125637
AGACGAAGTGCCGGTC-1,0.39675721734712,0.153257321247568,0.361242299589201,0.0887431618161106
AGACGGGATTGGTATA-1,0,0.357919000013486,0,0.642080999986514
AGACGGGCCGATTTAA-1,0.175252469921569,0,0.446966111123387,0.377781418955044
AGACTAGCCTTCCAGA-1,0.129902795959417,0.139769242912874,0.18680945257208,0.543518508555629
AGACTGTTACCGGGTC-1,0.311267435145218,0,0.535691071614936,0.153041493239846
AGAGAACCGTCTAGGA-1,0.409716977416925,0.0620111454881507,0.222507899827689,0.305763977267235
AGAGCCGCCGAGATTT-1,0.299896802988074,0.218451795120253,0.236439547263458,0.245211854628216
AGAGCGCTTGTAACGG-1,0.169028684500738,0.0619174643906803,0.547374329102182,0.2216795220064
AGAGCGGGCTAATCAT-1,0.39979900347591,0,0.284527568651067,0.315673427873023
AGAGGCTTCGGAAACC-1,0.430485312240839,0.099373974033725,0.317231124082509,0.152909589642927
AGAGGGACAATTGTCC-1,0.290389460629442,0.0586819658762495,0.409156583504881,0.241771989989427
AGAGGTATCTCGGTCC-1,0.0670341317295777,0.356121724735975,0.440631967738556,0.136212175795892
AGAGTAAACTTCACTA-1,0.375107050078528,0.0559638737805147,0.399759201944407,0.169169874196551
AGAGTATAGTGTTACG-1,0.111709345829238,0.206630140605983,0.618614986546032,0.0630455270187467
AGAGTTAGAGACCGAT-1,0.245456006624743,0,0.504635271247156,0.2499087221281
AGAGTTGCAGGCCTCC-1,0.153476128814912,0.0706862837473148,0.775837587437774,0
AGATAACTTCAGGGCC-1,0.225288260990487,0.0601380643945157,0.227340718797491,0.487232955817506
AGATACCAATAGAACC-1,0.215696757674055,0.291473227115541,0.328805671119557,0.164024344090847
AGATACCAGCACTTCA-1,0.229570519074827,0.0778993793353829,0.339205464710108,0.353324636879682
AGATACCGGTGTTCAC-1,0.189234580471533,0.333764125542644,0.0550596935889197,0.421941600396904
AGATACGACTTCATAT-1,0.260684521749687,0.188352395181902,0.426797028019524,0.124166055048887
AGATACTCAAGATCGA-1,0.325971232988197,0.272701483284699,0.244092858997921,0.157234424729183
AGATATAATACGACTA-1,0.0672043764104625,0.655234156531707,0,0.27756146705783
AGATCGTGCATAAGAT-1,0.239598401945716,0,0.433870856221028,0.326530741833256
AGATCTCAGGTGTGAT-1,0.32280220941595,0,0.301091805275055,0.376105985308995
AGATGACTCGCCCACG-1,0.328022783210552,0.0639210330577579,0.414432261578198,0.193623922153492
AGATGAGGGTTGCGAT-1,0.104302748009153,0,0.410373744508683,0.485323507482164
AGATGATGGAGTCTGG-1,0.231027442172968,0.125075599112455,0.362415407626981,0.281481551087596
AGATTATAGGACGTTT-1,0.404663310330232,0.101629799410933,0.25613973647193,0.237567153786905
AGATTCAAGCGGGTCG-1,0.109366080483037,0.0853063142235541,0.331506961307103,0.473820643986306
AGCAAAGGCCGCTAGT-1,0,1,0,0
AGCAACATATCTTATT-1,0.235753332281321,0,0.44309990197622,0.321146765742459
AGCACCAGTACTCACG-1,0.132239181026604,0.290613966573494,0.0615002453484784,0.515646607051423
AGCACTACCTCACCAG-1,0,1,0,0
AGCACTTAAGGACGCC-1,0.215723032455806,0.0904519254475572,0.4667232765011,0.227101765595536
AGCAGAAGGAGAAAGA-1,0,0.889895693693184,0,0.110104306306816
AGCAGCCAGATGAATA-1,0.14794516322883,0.378073404833049,0.287309406452921,0.186672025485199
AGCATATCAATATGCT-1,0.360193142503939,0.131115134977581,0.294549120976949,0.214142601541531
AGCATCGTCGATAATT-1,0.416924767960972,0.0547070653845091,0.366877285768544,0.161490880885975
AGCATTACGAGGCAAG-1,0.0680160585592604,0.674007670750492,0.078960076545958,0.17901619414429
AGCCAAGCTTTGTGTC-1,0.755865354989145,0.147394055023578,0.0967405899872766,0
AGCCACAGGTTACCCG-1,0.2830758052523,0,0.118126896104687,0.598797298643012
AGCCACTCCCGTGCTT-1,0.0927433680557195,0.563474855320959,0.0910620485693505,0.252719728053971
AGCCATATAGTATGTG-1,0.860041078725174,0,0.083627742641361,0.0563311786334646
AGCCCGGTAGCCTGTA-1,0.443518942804858,0,0.45966834482128,0.0968127123738619
AGCCCTAAGCGAAGTT-1,0.290525777891386,0,0.621235043453863,0.0882391786547503
AGCCCTGTCGCACCGT-1,0.273836066359843,0.0602807942081994,0.354070474398585,0.311812665033372
AGCCCTTCTAATCCGA-1,0,0.0576882300525795,0.419494251131963,0.522817518815457
AGCGACAGGAACGGTC-1,0.277338859821415,0,0.476136830860829,0.246524309317756
AGCGACATCCCATTCA-1,0.161773015734767,0,0.595647954849993,0.24257902941524
AGCGACCAACGATATT-1,0.301921564711176,0.20248538848685,0.205855603711173,0.289737443090801
AGCGATGCGCCTAATA-1,0.083627150727659,0.705005242694324,0,0.211367606578017
AGCGCATAATGAATCG-1,0.123380139431198,0.502787080989418,0.061136896816223,0.312695882763161
AGCGCGGGTGCCAATG-1,0.214766850625135,0.222690124688654,0.120577792264519,0.441965232421693
AGCGCTAGAGCGATGT-1,0.398058346078953,0,0.435564802856229,0.166376851064818
AGCGCTTATGGGCAAG-1,0.133212580989733,0,0.527160626744532,0.339626792265734
AGCGGACACTTCGTAG-1,0.165760565862256,0.562304222480057,0.10953157625221,0.162403635405478
AGCGGGAAGGGTCCAT-1,0.274505935451268,0.304655453852073,0.320283399897777,0.100555210798882
AGCGGGTCTGACACTC-1,0.54071429167973,0.185843444207537,0.140247980861711,0.133194283251022
AGCGGTTGAGATGTAC-1,0.203387443862155,0.256695834359362,0.262295613508973,0.27762110826951
AGCGGTTGCCGCTCTG-1,0,0,0.499049139396377,0.500950860603623
AGCGTGGTATTCTACT-1,0.408480193005765,0.33547574673091,0.120373921600084,0.135670138663241
AGCGTTCCGATTTAAA-1,0.247550143321492,0,0.408702142259242,0.343747714419266
AGCTAAGTACGCAGGC-1,0.145597717048189,0.415375862316386,0.110597278908229,0.328429141727196
AGCTAGAAGCAGAAGT-1,0.27552112345162,0,0.330948881632078,0.393529994916303
AGCTATTTAATCCAAC-1,0.271638234587899,0,0.294462859582179,0.433898905829922
AGCTCCATATATGTTC-1,0.15505239868784,0.198906421651162,0,0.646041179660998
AGCTCCTTCGCACATC-1,0,0.934166422126147,0.0658335778738532,0
AGCTCGTTGATGGAAA-1,0.22448916385022,0.185662862392019,0.480211220577983,0.109636753179777
AGCTCTAGACGTTCCA-1,0.274239051089555,0,0.23165102387101,0.494109925039435
AGCTCTTCCCAGTGCA-1,0.211897348163439,0,0.420904414248223,0.367198237588338
AGCTCTTCGTAACCTT-1,0.356679240214492,0,0.470769856713712,0.172550903071796
AGCTCTTTACTCAGTT-1,0.117789609844477,0.445086760857134,0.13978640081808,0.297337228480309
AGCTGAAGTAAACCAA-1,0.264282192546717,0,0.241302073575037,0.494415733878246
AGCTGCATTTGAGGTG-1,0.183763427176528,0,0.432725807507538,0.383510765315934
AGCTGCTGTGCCGAAT-1,0.181295761440786,0,0.436392644113244,0.382311594445971
AGCTTATAGAGACCTG-1,0,0.559402419883622,0,0.440597580116378
AGCTTCAATACTTTGA-1,0,0.309206117012848,0,0.690793882987152
