gene,t1_melanocytes,t2_melanocytes,t3_melanocytes,t4_melanocytes,t5_melanocytes,t6_melanocytes,t7_melanocytes,t8_melanocytes,t9_melanocytes,t10_neurons
AAACAAGTATCTCCCA-1,0.0851915346086524,0.0821942514063766,0.1532091800296,0.0961392792815929,0.132714605580786,0.0946676930465391,0.111787126356458,0.153383741128871,0.0907125885611236,0
AAACACCAATAACTGC-1,0.0937233653109207,0.08526086844551,0.0666718153382924,0.0694796368432684,0.0666359198685634,0.0887686375406708,0.0625735928237684,0.0781496066031101,0.0778090334232892,0.310927523802607
AAACAGAGCGACTCCT-1,0.0977299381615726,0.0987077222217398,0.114131846761423,0.0881240785664106,0.0898936113579537,0.0792291486354464,0.148828026267274,0.108574187298566,0.0799950436506647,0.0947863970789504
AAACAGCTTTCAGAAG-1,0.0586988663718697,0.0842429005096001,0.0806924759388944,0.0786891558429515,0.0770718387985848,0.080994111348004,0.0724615080599129,0.069832558496031,0.0972611046598268,0.300055479974325
AAACAGGGTCTATATT-1,0.106322705295393,0.124536144853347,0.0865074566646493,0.0841125528984949,0.0738712292039594,0.0944384863197827,0.0989786768742629,0.158548974845118,0.114404073766524,0.0582796992784691
AAACAGTGTTCCTGGG-1,0.0938662320839531,0.094063668989035,0.0957158261009075,0.0946464798163272,0.0935206021842974,0.0971851396598177,0.088658690014398,0.100512954478499,0.0994546826939759,0.142375723978789
AAACATTTCCCGGATT-1,0.108495453374974,0.084120878378839,0.129405150984106,0.115672978336607,0.133522901754272,0.0761632064715491,0.0841803604679132,0.0883756487008829,0.124428378320071,0.055635043210785
AAACCCGAACGAAATC-1,0.136690678866078,0.0721190083527272,0.170760392914232,0.0781510967362302,0.192166889302294,0.0713264699555703,0.0893933425127277,0.120716943733733,0.0686751776264068,0
AAACCGGAAATGTTAA-1,0.106013531415105,0.102581198706808,0.169833701663296,0.0534491515647183,0.171417482209899,0.0821382282331795,0.0538295930066615,0.0933737531687694,0.110325415043247,0.057037944988315
AAACCGGGTAGGTACC-1,0.0912235637525531,0.077761754598797,0.0840984073075597,0.0906116406424396,0.0800617224329438,0.0877108943602976,0.105211942210882,0.0952449913621465,0.105960824904521,0.182114258427859
AAACCGTTCGTCCAGG-1,0.0686461303517656,0.0702392471589029,0.0853705134311216,0.0825071047938241,0.0774068615228178,0.0760498705609672,0.0739220412618393,0.0689136435736367,0.0906956935724322,0.306248893772693
AAACCTAAGCAGCCGG-1,0.0827250501759505,0.0999651934499998,0.0729219103354261,0.141655700435884,0.0912415603595142,0.0826516216887712,0.0826551843041723,0.114743895922996,0.113309910194739,0.118129973132547
AAACCTCATGAAGTTG-1,0.144595068345631,0.0904367847549243,0.122267293479558,0.0902744468124504,0.0875661527795787,0.118989379605577,0.103449184957938,0.0873275682913874,0.0910339726280713,0.0640601483448839
AAACGAAGAACATACC-1,0.0820873116592142,0.0878901199917324,0.107937831731312,0.12162716522977,0.104761691648522,0.118577547983571,0.124669629763222,0.0809040547544148,0.0947148011404887,0.0768298460977532
AAACGAAGATGGAGTA-1,0.0703458007452683,0.0660016002078551,0.0827482790464161,0.0546580608631336,0.0733559331466439,0.0612195809072612,0.0776365750388741,0.0660140132873586,0.0802106820897226,0.367809474667467
AAACGAGACGGTTGAT-1,0.091376670165194,0.105019316115382,0.0753204954651211,0.0797943914353055,0.105892164520948,0.0940929142792933,0.076845468051484,0.0698207660945074,0.0770180999419277,0.224819713930837
AAACGGGCGTACGGGT-1,0.079067798211467,0.0650870447137008,0.0789671411056782,0.0692197210879467,0.0702327530091441,0.0605201080017356,0.064820530982115,0.0758806755070848,0.0954385021704184,0.34076572521071
AAACGGTTGCGAACTG-1,0.10347921273142,0.0932133193920614,0.0992581547488436,0.155944315637841,0.0739296775415807,0.0915678988620602,0.198467661913728,0.0954194419623513,0.088720317210114,0
AAACTCGGTTCGCAAT-1,0.0783929343544861,0.122001918699981,0.0887989942668541,0.100958548829384,0.0752161200421357,0.0889895617041832,0.115341641106884,0.11130168231234,0.108847020881376,0.110151577802376
AAACTGCTGGCTCCAA-1,0.104981845583892,0.100110526499896,0.0943994932397396,0.0947949865658438,0.0974921242880265,0.135424980199597,0.107153204960594,0.114604753143608,0.0741536864748341,0.076884399043969
AAACTTAATTGCACGC-1,0.0733921015106336,0.0862749914189069,0.0838862263551204,0.0680402825478425,0.0759120076943058,0.0798306302228874,0.0624091275535498,0.0868431559175651,0.0753728667554596,0.308038610023729
AAACTTGCAAACGTAT-1,0.132096103402228,0.109910387504126,0.0765735030794893,0.101092586209583,0.0832659936589168,0.0803665660743476,0.0773612227814952,0.0727790226448683,0.136199927594413,0.130354687050532
AAAGACCCAAGTCGCG-1,0.0619710049172169,0.061118135107477,0.0594970280115859,0.064492374101269,0.0576914505159325,0.0519505363641706,0.0635658258904712,0.0543664582256843,0.0841759812815028,0.44117120558469
AAAGACTGGGCGCTTT-1,0.0990750526523978,0.171271757435317,0.0577541974673062,0.0781747526115575,0.086083939903149,0.133377973920876,0.0928413273182804,0.102731569697988,0.0919996245738481,0.0866898044192799
AAAGGCCCTATAATAC-1,0.0797011258276245,0.10763124171091,0.0872052303009608,0.110258984398919,0.0899384218624844,0.073537794452909,0.102699999322865,0.0838401100752863,0.10080299600161,0.164384096046432
AAAGGCTACGGACCAT-1,0.11267533874426,0.0876722382491955,0.0916522956712722,0.0911577080497263,0.0962764962604108,0.103981942647921,0.0918314312485376,0.103017333364347,0.0908148928648204,0.13092032289951
AAAGGCTCTCGCGCCG-1,0.0948746717231073,0.105743665320762,0.0930188525847614,0.0962280634227668,0.0979925656375019,0.093999344235387,0.0995701077610098,0.100654746095736,0.0826909577318182,0.135227025487149
AAAGGGATGTAGCAAG-1,0.0943792426967643,0.11747719144651,0.119556296297745,0.0957199047854791,0.0885090606287797,0.0752827936865824,0.102881876217008,0.0996782648813498,0.113397208707761,0.0931181606520205
AAAGGGCAGCTTGAAT-1,0.0825946581703739,0.0771714257989398,0.106925280006989,0.088805477706656,0.100708297623768,0.106843387451414,0.110902524798695,0.127047823256703,0.0946244723691333,0.104376652817328
AAAGTAGCATTGCTCA-1,0.0973100414753017,0.109166512121271,0.106917675171565,0.0936700605069067,0.093593837074384,0.0958639196815661,0.0778041128664151,0.134236693648516,0.110235655417413,0.0812014920366609
AAAGTCACTGATGTAA-1,0.101219093524903,0.0842396144951941,0.0770830901056739,0.0797890787244175,0.077347079837407,0.0818301875707559,0.11901930404743,0.0923024991635377,0.123510895082716,0.163659157447966
AAAGTCGACCCTCAGT-1,0.110801651937418,0.0837192561225813,0.0617569806865957,0.112258654556426,0.127329031222746,0.0728358802726751,0.0986997558305193,0.0879369613732658,0.110528985462224,0.134132842535548
AAAGTGTGATTTATCT-1,0.102644290501307,0.115360769546921,0.0740500975545961,0.155249696281206,0.158235620219209,0.103035409523339,0.12859645639572,0.162827659977701,0,0
AAAGTTGACTCCCGTA-1,0.143728115179544,0.124350677331609,0.0592307248421011,0.115330859715693,0.176873302776348,0.0928817276506555,0.124170387236267,0.163434205267783,0,0
AAATAACCATACGGGA-1,0.0989325328454825,0.0992092071099432,0.0913633563368161,0.166525886485832,0.0701591497192831,0.0908802596410656,0.107229497405265,0.0875025796115966,0.0983573564849553,0.089840174359761
AAATAAGGTAGTGCCC-1,0.101254249318562,0.0940630079391499,0.0987607966524943,0.0744044209890858,0.0748825149033295,0.167954158284625,0.0837251073094444,0.113643546829381,0.0859573117577583,0.105354886016171
AAATACCTATAAGCAT-1,0.0806500277150386,0.0916988734459192,0.0881285552475254,0.0991603867717759,0.0850196647682933,0.0907116519748623,0.109087113313957,0.0998529712076579,0.111150429715427,0.144540325839543
AAATAGCTTAGACTTT-1,0.0934900964118524,0.0847328463380321,0.0750191160572828,0.0886566612802485,0.0904556064433827,0.11607162243856,0.113186593385402,0.0837460898321134,0.11403816154541,0.140603206267716
AAATAGGGTGCTATTG-1,0.115439322619152,0.0967268861318222,0.0913719665605326,0.0778931699350153,0.109556554396896,0.106582595705053,0.0862577162237763,0.0787105396469985,0.142837040471677,0.0946242083090779
AAATCCGATACACGCC-1,0.0786912033640435,0.0813020969313581,0.079281623808851,0.071312685141033,0.0762223999188378,0.0583530642934671,0.0785341341050427,0.0763628476335895,0.119103554389635,0.280836390414143
AAATCGCGGAAGGAGT-1,0.070567238897671,0.0929638541928678,0.0682156641652533,0.0648525336528234,0.0679754970456638,0.0680211742577134,0.0604230164729203,0.0642239787752983,0.0899970870962237,0.352759955443565
AAATCGTGTACCACAA-1,0.0846356017780658,0.0756174366271836,0.0878545483280129,0.0778682802375313,0.0801271547267052,0.107470133898267,0.0652386191207046,0.0731086807616136,0.091859008134616,0.2562205363873
AAATCTAGCCCTGCTA-1,0.0936067221994266,0.0808715849825344,0.103704750515706,0.0821222734294135,0.137912670886001,0.0721548605019413,0.072976883036139,0.153350184318562,0.14830608162338,0.0549939885068968
AAATGACTGATCAAAC-1,0.093835322134003,0.105998830615615,0.103792947903101,0.111902468697985,0.103206096739315,0.0873555983880425,0.0951903301625348,0.103114760827645,0.0952604512998839,0.100343193231875
AAATGATTCGATCAGC-1,0.125419040553359,0.0784250787043601,0.133182851050224,0.126653609124284,0.138954273575149,0.074912285286381,0.122120278768952,0.133771394766667,0.0665611881706233,0
AAATGCTCGTTACGTT-1,0.085104134548141,0.117049966554315,0.0915654687023971,0.098359087385053,0.130086442304504,0.079358726255402,0.155111593061148,0.114657334839353,0.0679832350666491,0.0607240112830371
AAATGGCATGTCTTGT-1,0.0865589115461286,0.093292205695116,0.0856745515997248,0.0902399366603338,0.0875170552571341,0.0945141135109532,0.108921094612992,0.143359734489779,0.0844796890622058,0.125442707565633
AAATGGCCCGTGCCCT-1,0.157575881220225,0.0957453269500452,0.0872095603386569,0.128335130177805,0.183969211103541,0.0772247639987325,0.140342327539772,0.129597798671223,0,0
AAATGGTCAATGTGCC-1,0.076875915375596,0.0682316652766964,0.0755578755803404,0.0755096256330111,0.068416295470408,0.0976494057700485,0.0747897549977998,0.105896410388572,0.0918216910169836,0.265251360490545
AAATGTATCTTATCCC-1,0.115497462540421,0.109766714599417,0.0934829274225948,0.12341186326065,0.121301655779868,0.139377224310146,0.146343169986556,0.150818982100347,0,0
AAATTAACGGGTAGCT-1,0.0689919409129488,0.0887221718122278,0.0801383909570338,0.0955495552812846,0.0876070196211066,0.0888150018903793,0.0707976293017035,0.0751665382191629,0.0825635926364695,0.261648159367683
AAATTAATAAGCGCGA-1,0.0967589543640503,0.124413614903358,0.0849032511911183,0.105028796576558,0.0942115630697109,0.0984756298246059,0.166335953909615,0.167468053874489,0.0624041822864943,0
AAATTACACGACTCTG-1,0.0873448132543056,0.113526107977938,0.0830658313588473,0.111957997919021,0.0907121029121666,0.0981417063051523,0.110242226112462,0.0915532026754459,0.100543405764611,0.11291260572005
AAATTACCTATCGATG-1,0.0909298062055394,0.0746988558231527,0.115582923364658,0.103404758800113,0.0916894534326034,0.0978712252119011,0.0865255373482972,0.0994191133077936,0.0804718882417065,0.159406438264235
AAATTCCAGGTCCAAA-1,0.076877293929394,0.0912218204336765,0.0632968902473566,0.0729509820378534,0.0738120250349481,0.120715167780906,0.0754343892198388,0.0790675415659722,0.071511684649268,0.275112205100786
AAATTGATAGTCCTTT-1,0.0957159534661348,0.0870791502218205,0.0863086861761334,0.11697225423319,0.0945225355071172,0.0925768532473477,0.0896846695314998,0.11913293525401,0.111704540610573,0.106302421752173
AAATTTGCGGGTGTGG-1,0.104441012365865,0.154242175022318,0.0702481137684311,0.107223647980705,0.10890598494985,0.0982852682407118,0.15064131903354,0.145302601664936,0.0607098769736431,0
AACAACTGGTAGTTGC-1,0.0695121907144039,0.111889716131219,0.0799179130909945,0.106575640993049,0.0781192858385294,0.0861285858051407,0.0636108795126366,0.0719678851095957,0.0792129517460067,0.253064951058424
AACAATACATTGTCGA-1,0.0990955492978644,0.107146395471635,0.111745079001608,0.0761462047620972,0.102050285753733,0.117902208726599,0.0787442191544567,0.0760134253726273,0.109683079519244,0.121473552940135
AACAATTACTCTACGC-1,0.102028434824049,0.14312244136851,0.0795265768450088,0.0769503417100079,0.0900839188128735,0.0970515999277952,0.0910991902433438,0.104659717224665,0.0744548178008764,0.14102296124287
AACACACGCTCGCCGC-1,0.0835627270629313,0.0743997956925581,0.0904209292788346,0.0950692775976268,0.151957107702129,0.0688092901372974,0.109688511328202,0.119494435863225,0.154878125984541,0.0517197993526546
AACACGACTGTACTGA-1,0.0960409571130987,0.0870581265669595,0.143598436411743,0.0947997202549256,0.0833224454757653,0.0842899754563577,0.109453712257536,0.0903533179467431,0.0988041123743503,0.112279196142521
AACACGAGACGCGGCC-1,0.0871805776959792,0.179282854376752,0.0849731428923459,0.090675221244427,0.134997407416302,0.0735204397563929,0.0800656322097337,0.0671824752246383,0.0844218757576917,0.117700373425737
AACAGCTGTGTGGCAA-1,0.101903850620458,0.0991249562738122,0.100081660810206,0.103079043518546,0.0904951061526545,0.0907315262560412,0.0898630567616851,0.0926897909528139,0.0916472097482109,0.140383798905573
AACAGGAAATCGAATA-1,0.0897188503470495,0.147098778375826,0.116529942038063,0.0881556128193248,0.0945298814571694,0.0762258673236806,0.113552028708761,0.0821591159079196,0.0763404003833956,0.115689522638811
AACAGGATGGGCCGCG-1,0.158342553611307,0.118137725319578,0.0646025386557735,0.114232815285109,0.112724574772204,0.0881050287891936,0.126570124784474,0.0702688139367831,0.0816701945402404,0.0653456303053379
AACAGGTAGTATGGAT-1,0.0996870311982092,0.16266574525194,0.0849501142786329,0.0872512156477565,0.135951564570542,0.0981623153901915,0.111474271573329,0.125458611716355,0.0943991303730443,0
AACATATCAACTGGTG-1,0.0959142846247039,0.0800968934733798,0.0787750344025554,0.0829032890107746,0.123241985305994,0.124213415315782,0.178790678731234,0.145583812062076,0.0904806070735007,0
AACATTGAAGTTGATC-1,0.077766292920296,0.0661516027941559,0.0757780371270499,0.0915627287020711,0.0763407875963562,0.0674088777680708,0.0813613428661214,0.0800415067701335,0.0943977887671169,0.289191034688628
AACATTGTGACTCGAG-1,0.0927338698398991,0.0975366220611688,0.102218093220713,0.111272402512204,0.0986456811747032,0.0794247215117734,0.115278343233128,0.0967882609880206,0.105415813025295,0.100686192433095
AACCAAGACTTCTCTG-1,0.0805829822134667,0.100131884193343,0.0719039901763074,0.111516768676756,0.128528584823018,0.076577977337013,0.13631523600606,0.158196313909404,0.0766379691927427,0.0596082934718902
AACCATAGGGTTGAAC-1,0.0907747548617453,0.077612073486445,0.0801912960165422,0.0788421433136689,0.100406352485504,0.0788023183903369,0.0770629209880723,0.0658743980374063,0.0862709873531264,0.264162755067153
AACCCAGAGACGGAGA-1,0,0.0741978920702467,0.135626178011702,0.0675945549346678,0.0986231625900993,0.084408984770981,0.0674713638422961,0.0689519402729096,0.0800468191817463,0.323079104325351
AACCCATCCCATGATC-1,0.0695553258429075,0.0673313716575325,0.0660445302610307,0.0547973886568296,0.0616852587817445,0.0685525363097134,0.0809753597743117,0.0749724722807691,0.0926600516597576,0.363425704775403
AACCCGAGCAGAATCG-1,0.090770942457364,0.088123706977834,0.146320829324513,0,0.162786399119806,0.0895356998640359,0.0735121560842471,0.129629011256262,0.108345571013996,0.110975683901942
AACCCGCTGTATTCCA-1,0.126366797127736,0.0984702021751918,0.121015740051926,0.0807441352304556,0.102172226903985,0.0974912255460747,0.0927277893794822,0.105832907876811,0.102126965233396,0.0730520104749419
AACCCTACTGTCAATA-1,0.107755076612983,0.128443857918211,0.122177261232663,0.122322472592288,0.113646523124455,0.109584285550377,0.121597456062279,0.108971331981939,0.0655017349248046,0
AACCCTGGTGGAACCA-1,0.112801826098461,0.0989993595461306,0.092082355750011,0.0862406239282907,0.123036769082954,0.131780479759019,0.0987383747386333,0.107423611551908,0.0959635658444142,0.0529330337001784
AACCGAGCTTGGTCAT-1,0.0774807404318511,0.103078384899498,0.123999612509341,0.154128331086679,0.0715970193196588,0.110439891630127,0.0869973692052691,0.111120327453759,0.102133703699377,0.0590246197644401
AACCGCTAAGGGATGC-1,0.176375595304663,0.136216859203472,0.148253066251714,0.108162875968445,0.179915803701686,0.0838746907480257,0.0701807760507872,0.0970203327712076,0,0
AACCGTTGTGTTTGCT-1,0.0976281913978037,0.0986331332626865,0.0991791206985064,0.0939212861472059,0.0998855857571947,0.102510925484067,0.0938319401506652,0.0936929903301753,0.0857480419669926,0.134968784804703
AACCTCGCTTTAGCCC-1,0.0763353402380355,0.0609481911701003,0.0669129293536465,0.0783623147130038,0.0564663459796171,0.0587452450503017,0.0782201935944161,0.0751558044092637,0.107462988858295,0.34139064663332
AACCTGTCACGGAATT-1,0.0915814796261261,0.091918600256905,0.10718035792799,0.0789838104427414,0.0700446067688912,0.0821668519820342,0.107842377715619,0.107081914013438,0.118030759398198,0.145169241868057
AACCTTTAAATACGGT-1,0.0887040914458073,0.0961592885206267,0.0914636944640438,0.0842796375068247,0.0993521249925886,0.114523117553044,0.100022116157561,0.113561850573297,0.100193839403473,0.111740239382735
AACCTTTACGACGTCT-1,0.0959242412512707,0.136790994223985,0.111334794525759,0.135190626418098,0.125972993721301,0.134488353887368,0.192449157028258,0.0678488389439593,0,0
AACGAAAGTCGTCCCA-1,0.0778509465300784,0.0712852976469099,0.0709838882580212,0.0760953260364391,0.0851713938992384,0.0928039353559751,0.0938718125815599,0.0615637548319556,0.121256275440555,0.249117369419267
AACGATAATGCCGTAG-1,0.0842818812336701,0.0883557319362014,0.102451988712482,0.100794015617258,0.10460760259187,0.0852216122308025,0.112652333761206,0.0866043942687513,0.119752120728205,0.115278318919554
AACGATAGAAGGGCCG-1,0.0810828918183789,0.0737572321250258,0.0959786763895566,0.0877324751386545,0.0688492989140153,0.0671791197166077,0.0790532058465753,0.0693401536352205,0.10199085463045,0.275036091785515
AACGATATGTCAACTG-1,0.0665795735225897,0.106671892340255,0.102964879161202,0.119007548882921,0.0968067285883714,0.0837068317170639,0.099131747766802,0.089938534131356,0.0957759634138661,0.139416300475573
AACGCATGATCTGGGT-1,0.0961571366081618,0.109350320315139,0.12282693184867,0.131379518724797,0.0742835706639837,0.0948655632624388,0.110251677320679,0.0781159769721309,0.117792662566048,0.0649766417179513
AACGCGACCTTGGGCG-1,0.113913527660034,0.0937449475620128,0.0999189316389067,0.088742533265234,0.0935367861977394,0.108514347165489,0.106278458457387,0.115147867272542,0.099555432348107,0.0806471684325486
AACGCGGTCTCCAGCC-1,0.0671695764030391,0.0956110782749314,0.130732494087736,0.150837554055052,0.0953048360534391,0.0675239599635794,0.081200169421208,0.101112719314045,0.0991983191472564,0.111309293279713
AACGCTGTTGCTGAAA-1,0.107407523042148,0.104848592676935,0.11570904420369,0.0768791093449825,0.188684958017143,0.0779545534029218,0.0924323732090599,0.156673754222344,0.0794100918807755,0
AACGGACGTACGTATA-1,0.0751754917082708,0.115412941038451,0.15412028283956,0.0664975081112003,0.0958281635054717,0.0966617423296844,0.0775105050978665,0.122863885841085,0.113522041518709,0.0824074380097021
AACGGCCATCTCCGGT-1,0.105460276834719,0.10429805997962,0.0985361571839082,0.143866051034371,0.0866358044430375,0.084825735427981,0.143377332635071,0.109789147780578,0.123211434680715,0
AACGTACTGTGGGTAC-1,0.102561281710898,0.108165776784718,0.0914569620706274,0.0788601138596342,0.0725694884167544,0.0700996802007445,0.0762998382920419,0.12019531106097,0.109534732672169,0.170256814931443
AACGTCAGACTAGTGG-1,0.0840038117605343,0.0971002390403863,0.0756303973315064,0.105706770495248,0.0845927919796535,0.0790156544659358,0.0839896684520057,0.102975510969327,0.0974658152896962,0.189519340215707
AACGTGATGAAGGACA-1,0.106537899524049,0.0922963633529723,0.0967078962348634,0.108077921835317,0.0911967329910507,0.101169009221256,0.102722852667285,0.0967411539554121,0.100861783188775,0.103688387029019
AACGTGCGAAAGTCTC-1,0.0629588947110508,0.0708434883256236,0.0707999606019901,0.0667487871766379,0.0663222245865617,0.0637334561744288,0.0735882073840337,0.0685475673891349,0.122595484586128,0.33386192906441
AACGTTATCAGCACCT-1,0.0799410332070594,0.077895976051947,0.0868602499628255,0.126438945623511,0.12761649139935,0.0741955056015989,0.0967027475928523,0.114971346113838,0.0940534542771501,0.121324250169867
AACTACCCGTTTGTCA-1,0.138051204214361,0.100489030882299,0.10354956633508,0.0981706279043094,0.13591750773797,0.0960359040807708,0.101174212755288,0.172741425775295,0.0538705203146261,0
AACTAGGCTTGGGTGT-1,0.118632654993375,0.0962329465199714,0.101251917986939,0.0918915996216378,0.0960827937102713,0.101477908353619,0.0948907379378983,0.106608898163644,0.100203095330241,0.0927274473824044
AACTCAAGTTAATTGC-1,0.0816435700580601,0.0732350759711686,0.0663027650291756,0.0958715769370287,0.0861792427605315,0.0657661603750626,0.10067965657732,0.0628701608161606,0.103025527026665,0.264426264448827
AACTCCAGAGCGTGTT-1,0.131117380526683,0.0970932564196654,0.100636279155629,0.0793122753849882,0.0920057039959318,0.102417863371443,0.0807678203318307,0.0811115685017003,0.0832886259959173,0.152249226316211
AACTCCTAATCCCATG-1,0.106354283388048,0.107061123700648,0.101452017360881,0.110638599664304,0.0954663954385219,0.104056638090008,0.0879590260713685,0.110791229455054,0.0917669871323375,0.0844536996988302
AACTCTCAATAGAGCG-1,0.109765475366,0.0749271942405332,0.102025680600859,0.10775697624525,0.0845703859689237,0.0890686934943896,0.0946271004890367,0.0737791542873742,0.117932351684602,0.145546987623031
AACTCTCAGTGTGCTC-1,0.0886939021839479,0.0780334397595118,0.0795580923088713,0.0791912227935963,0.0710855660956414,0.0768116202977926,0.0819416900818547,0.0770053309161106,0.120316112952898,0.247363022609775
AACTGATATTAGGCCT-1,0.104733108440601,0.0987974788716489,0.113738934275312,0.136140381966842,0.0918902998548399,0.165978443865816,0.124917414108079,0.106873565410811,0.0569303732060497,0
AACTGGGTCCCGACGT-1,0.114519442509826,0.0898650482027784,0.102359711778907,0.155699655696195,0.0972973633431466,0.081940773432198,0.0993381820468373,0.108003594491633,0.0998306756581412,0.0511455528403366
AACTGGTGTGGGCCTT-1,0.0783829230972157,0.0918395581660973,0.0912947314262502,0.0911381493532056,0.0749068341469751,0.0823708066645344,0.0812613980486967,0.0978399933565772,0.113970904258852,0.196994701481596
AACTTCTGCGTCTATC-1,0.0569956538851779,0.0976715125290492,0.123085971591788,0.132964168473106,0.0940958857591127,0.0526608703288904,0.106639634060184,0.0678282659293996,0.0917045468068651,0.176353490636427
AACTTGCCCGTATGCA-1,0.0948838785192377,0.0849901941975431,0.0801322824748157,0.137835903742766,0.0831403547941417,0.0854990156972324,0.13350760800263,0.0860942694335098,0.122980113391089,0.0909363797470349
AACTTGCGTTCTCGCG-1,0.115311739938509,0.0957393505935101,0.0847111742697623,0.114921732605424,0.126531313401835,0.102627738541464,0.119738149417057,0.240418801232439,0,0
AACTTTACGGGAGCTT-1,0.103351718002627,0.122290683861999,0.125588677558135,0.0970583419296102,0.092999883332117,0.182458651848417,0.149760810187827,0.126491233279267,0,0
AAGACCAAATAACTCA-1,0.0796792191051937,0.0769627537646489,0.0913620029993349,0.0699213867690229,0.0813806964288863,0.0847243327236955,0.0875374316430542,0.0529022370951716,0.0951024134726152,0.280427525998377
AAGACCCAACTGAACA-1,0.107455354566598,0.113756926694661,0.0900787731166205,0.102997009015437,0.116426696738823,0.094215628859486,0.0882979374601933,0.0988819504934109,0.0987486304087778,0.0891410926459928
AAGACTGCAAGCTACT-1,0.0832166731121321,0.0744986619088432,0.0730158864764516,0.0887214677728676,0.0837162312775541,0.0775612540878249,0.0717116645292678,0.119813670277726,0.149790126078354,0.177954364478979
AAGAGATGAATCGGTA-1,0.0792032414783162,0.0869659211087542,0.107591970519714,0.0948875105504807,0.0962858473573748,0.117822569951343,0.0855658591690063,0.104151758206416,0.0718900320548133,0.155635289603781
AAGAGCTCTTTATCGG-1,0.0623448961030852,0.0865005007272848,0.0753870439208448,0.0849801674785073,0.0626446741231825,0.0696623957057372,0.0834508080480131,0.103066407439179,0.110165934258571,0.261797172195596
AAGAGGATGTACGCGA-1,0.0982942023456926,0.122088177550566,0.0755741754350386,0.092016779091239,0.102611972152147,0.0862388693990003,0.11037874201021,0.111070563369998,0.13089605813491,0.0708304605111984
AAGAGGCATGGATCGC-1,0.124157734359087,0.0874791812018224,0.0967733611059542,0.0787324035184767,0.112953722032464,0.0984336519425656,0.0784537627942939,0.0843095567667967,0.0971192215174775,0.141587404761062
AAGAGGCCCTTTGGAA-1,0.106586404280191,0.0951374674692492,0.144990451245541,0.0753889131545751,0.131884675085761,0.0901283717843769,0.0821797003860361,0.0799847585515683,0.0858879501017091,0.107831307940992
AAGATGGCACCGGACC-1,0.0972265496655605,0.0886437339925618,0.0955782894910421,0.0818573970244914,0.0861504366623513,0.0849317226918872,0.0780230313278901,0.0859705549651195,0.132531380241578,0.169086903937518
AAGATTGGCGGAACGT-1,0.0980331049038661,0.127730350930226,0.105280302445629,0.106390458061211,0.0796961364853587,0.0917519844676349,0.128290139299666,0.14431384616228,0.0624686885455728,0.0560449886985552
AAGCACCCTGCGTATC-1,0.104878951360064,0.0846474247956121,0.0961031003914851,0.104154179523132,0.0829787911074765,0.0776626318333507,0.104007786664031,0.100496623238171,0.121299584058325,0.123770927028352
AAGCATACTCTCCTGA-1,0.0847541007185879,0.0936547231074799,0.106139586218073,0.0929343674357889,0.0959855594043655,0.0996015182844588,0.0950806718511055,0.0876002464678432,0.122070654521361,0.122178571990936
AAGCCACTTGCAGGTA-1,0.0907405637921826,0.0917825518667813,0.0886875146950531,0.0882146008315979,0.0873330591385928,0.0852094963318576,0.093685521243832,0.0849694863540464,0.12404936588129,0.165327839864767
AAGCCGAAGCGGTTTA-1,0.122677343512548,0.119397099579085,0.0870306592483232,0.10833740096791,0.166665310484785,0.0698825012802083,0.112394006260446,0.213615678666695,0,0
AAGCCGCCGTGAAATC-1,0.0673139319912748,0.0682484956869843,0.0647609978735534,0.0691217773887576,0.0699774060025393,0.0718362999751451,0.0758798898767341,0.0573682056405544,0.08836747069885,0.367125524865607
AAGCGCAGGGCTTTGA-1,0.0816693431820274,0.102990810295852,0.0825614152619647,0.104839084174517,0.0824943226655214,0.137306268517398,0.11365347317907,0.0922954401013865,0.117194309382487,0.0849955332397749
AAGCGTCCCTCATCGA-1,0.102225201567334,0.0972050872430631,0.0947143655683472,0.0959776863868116,0.0974820191543351,0.0885937731337064,0.0890028478429764,0.095255208040059,0.0950824813822545,0.144461329681113
AAGCTAGATCGAGTAA-1,0.111031891928777,0.0907837685352302,0.0855087626622304,0.103849658832803,0.0926167649304242,0.085263627087474,0.094244855684093,0.101771903223402,0.113962021320261,0.120966745795304
AAGCTCGTGCCAAGTC-1,0.0980680582618941,0.0898193275322298,0.0885497763476915,0.0995876926075055,0.0798711170047002,0.0935098349886511,0.0833063085653686,0.0828396094669233,0.0902453150455717,0.194202960179464
AAGCTCTTTCATGGTG-1,0.133647038060726,0.0925713755204599,0.155097201626737,0.0989451462748745,0.107138649043022,0.0904542448795509,0.107151830928308,0.117429559884692,0.0975649537816298,0
AAGGAGAACTTATAAG-1,0.166953837302333,0.0777984788629239,0.104712581427941,0.130093293000338,0.0891261572180392,0.0966219680416009,0.0977411754723728,0.0995706550287076,0.0793266046656102,0.0580552489801335
AAGGAGCGGTTGGTGC-1,0.114488710725083,0.0851835981843624,0.0878669121352762,0.115955175810214,0.0771643356733712,0.111992107423873,0.134917608713648,0.101290220384319,0.0973861463530554,0.0737551845967988
AAGGATCGATCGCTTG-1,0.0939038759302206,0.107892791098367,0.114706419466775,0.0802088079745941,0.135791574749996,0.0852852175262038,0.0872475300288625,0.0858499040691298,0.0863679441021112,0.12274593505374
AAGGATGAGGGACCTC-1,0.112158124358831,0.0831990068108187,0.0621844272747843,0.114975413763474,0.111531391625248,0.208593114874192,0.12409936618028,0.125835331822341,0.0574238232900314,0
AAGGCAGGCTGTCTCC-1,0.123935228857142,0.0842596205554094,0.0726739049380691,0.0775835798272699,0.109550406625305,0.109028875388032,0.0743650754595782,0.0691404884534101,0.116797234382002,0.162665585513782
AAGGCGCGTAAAGCTT-1,0.0713426512396642,0.073956884139151,0.113321650671776,0.0977277920812122,0.0903286608199241,0.0758235285943746,0.0664790661839638,0.0745872283218357,0.123474374659303,0.212958163288795
AAGGCTGTGCTCATCG-1,0.091291409785433,0.0822163046549814,0.0830477797165843,0.0915127547760047,0.074747837303854,0.0751133103722715,0.102799214813685,0.0788161963646101,0.108140757633327,0.212314434579249
AAGGGAACGACTGGCT-1,0.102541356195987,0.0724213241607156,0.080160080959068,0.0892111593411908,0.079749076947086,0.0728473942422813,0.085285382384318,0.0839735884413606,0.0886457371380931,0.2451649001899
AAGGGACAGATTCTGT-1,0.149361337496374,0.0802702918031521,0.102579144764626,0.0950081373620405,0.0787753800585506,0.130566031333327,0.0748682270270233,0.112659792890426,0.0897202457383382,0.0861914115261424
AAGGGACTATGCATTC-1,0.107508692590425,0.0920320945089971,0.0910891181690892,0.101682576282531,0.092579011785129,0.0822463812459451,0.0870293500244357,0.0788010644592113,0.113248637289985,0.153783073644252
AAGGGTTTGATTTCAG-1,0.0880054004701901,0.0945859835365651,0.0988528898049566,0.114008871245599,0.0752337783460708,0.07836842136397,0.120277404237043,0.145398937801757,0.0899873390550167,0.0952809741388319
AAGGTATCCTAATATA-1,0.154495133022947,0.0845697497117202,0.0791301129698877,0.111762160516482,0.0708465527544545,0.112869981358533,0.102705258762342,0.0799182964568924,0.131261393040963,0.0724413614057768
AAGGTGATAAACCAGC-1,0.177299561513928,0.102138749634739,0.0939913557193453,0.147140390344951,0.181793946620046,0.108033440694444,0.0686498516130744,0.120952703859473,0,0
AAGTAGAAGACCGGGT-1,0.110161316895195,0.114491518601258,0.125130590901161,0.129760865721017,0.0848704070043357,0.0992541694460147,0.174679541456796,0.106121699688977,0.0555298902852459,0
AAGTAGTGACGCGAGG-1,0.14342502612678,0.112324155132418,0.110732751655054,0.103119116624211,0.116238354162979,0.108725805827395,0.0913601007208465,0.0643927756901011,0.0504175163607784,0.0992643976994364
AAGTCAATTGTCGTCA-1,0.14003404402088,0.107243762010877,0.147642063226301,0.116217133295996,0.142295182614093,0.111125788702412,0.0989479180148258,0.136494108114614,0,0
AAGTCTTCTGTGGCCT-1,0.0674996457093523,0.0656464669624685,0.0730365980568148,0.0653256282589024,0.0843183459790591,0.0631394425442548,0.063418185326251,0.0590863951649311,0.0812131397733407,0.377316152224625
AAGTGACGACCGAATT-1,0.090879764284462,0.0938937522985181,0.100871642069273,0.124155752992887,0.0791980168376294,0.12239110192527,0.08261255335214,0.116278521426887,0.0970507586773451,0.0926681361355877
AAGTGAGTCGGGTTTA-1,0.096773621562747,0.0968699889856204,0.0911144669291442,0.104372242699529,0.0760395678778745,0.0934773995814302,0.0860865079182451,0.0934163757892931,0.111294338216066,0.15055549044005
AAGTGCAAAGGTAGAC-1,0.117127184812979,0.103636179257014,0.0889156276059249,0.152119228027698,0.0831767948820083,0.0909614176003902,0.0947385149117464,0.0914511760942436,0.11944057472631,0.0584333020816857
AAGTGCCTTGACTGTA-1,0.129105551738893,0.0804048243907921,0.0863532977634862,0.0967097293512644,0.172825606145699,0.0780913775636036,0.100289374886696,0.201666906149877,0.054553332009689,0
AAGTGCGTTAGAATCT-1,0.127763401813574,0.101543936507727,0.0739339067253843,0.0783969438045058,0.0809801905492996,0.0937016951895938,0.114173397164984,0.0844811643072365,0.126030459808572,0.118994904129122
AAGTGCTTCTCTATTG-1,0.0953254398203682,0.0963310800588201,0.0965177231519325,0.0934145756673685,0.1029240487381,0.0926592445379441,0.117876781796668,0.0934522602390294,0.0890268955887868,0.122471950400982
AAGTGTTTGGAGACGG-1,0.11620412615146,0.0862119708958607,0.102701456342355,0.122106353190862,0.111387359832861,0.0812085875787978,0.0887963520438105,0.0971506889266099,0.107024499533519,0.0872086055038646
AAGTTCACTCCAAGCT-1,0.160786785971529,0.100491166913237,0.106211579371911,0.0589777804619608,0.185865647738191,0.0559848700101948,0.0675663450684563,0.113897244954679,0.0848571685307358,0.0653614109791053
AAGTTCAGTCTGCGTA-1,0.112756252567147,0.105017387848543,0.107712801488273,0.0983797118584058,0.0948422223636334,0.126655269437005,0.105408217727307,0.154155655735014,0.095072480974671,0
AAGTTCGGCCAACAGG-1,0.145785627351946,0.100973595898148,0.0675344736021952,0.120391225235576,0.154491086055824,0.0744063069296374,0.218613719955553,0.117803964971121,0,0
AAGTTGTGATGTTATA-1,0.0792846969535434,0.0823107010866297,0.0773715181546748,0.0660620663515016,0.0766245553534332,0.0848567470202403,0.0749001928945263,0.0707504886908713,0.0823495522248609,0.305489481269719
AAGTTTACTAATGGCA-1,0.08237307761995,0.0873769784030879,0.126821151470212,0.0892953487434089,0.0933856012096213,0.105843679826101,0.108675630661814,0.091841129983559,0.135419637829572,0.0789677642526745
AAGTTTATGGGCCCAA-1,0.117585032885269,0.104908136351371,0.0903623083805435,0.119248295379249,0.092015589116451,0.0794867125029235,0.120115107413936,0.109272320483031,0.0794570352549853,0.0875494622322411
AATAACAACGCTCGGC-1,0.172227116635593,0.110801635100784,0.0924881646458522,0.12231702053438,0.0950482893646361,0.119233791280786,0.108999560870702,0.178884421567267,0,0
AATAACACTAGAACAA-1,0.0750617163343349,0.0634066506443204,0.0626239000493053,0.0753308808080945,0.0818566417346763,0.0747622725185329,0.0656390515493325,0.0684820996653697,0.115355468052113,0.31748131864392
AATAAGTCCTCGAGAC-1,0.0873963635164238,0.091372207680864,0.0993675400736887,0.117379957118566,0.093145803126075,0.0871147821372017,0.133768849019382,0.0952241458954925,0.0986162922580468,0.0966140591742592
AATAATCTTCGTATCG-1,0.10021616846733,0.101788357671026,0.0895437149467227,0.0721372286781368,0.0977726891404371,0.0744773544648161,0.0705014357232276,0.076898510513686,0.118203678114139,0.198460862280478
AATACAATGTTTCAGG-1,0.0734128313622602,0.119401538462122,0.158086789213232,0.0553853821718852,0.0821868326591884,0.103192419053029,0.0836454090922263,0.0958721730866414,0.124513570690939,0.104303054208477
AATACCGGAGGGCTGT-1,0.0952729378321737,0.0927665922048065,0.101818090341783,0.0910035684580752,0.108777454986056,0.110658999116249,0.0885886481788008,0.105927810397981,0.09443499937082,0.110750899113256
AATAGAACAGAGTGGC-1,0.0556608494127876,0.0724159764295958,0.0649954273517077,0.0873838157501299,0.0614426412013085,0.0697743044908892,0.0707503201883549,0.0656663081454119,0.0791238088708467,0.372786548158968
AATAGAATCTGTTTCA-1,0.107317744823886,0.119758051780928,0.107525980176099,0.0733752159467126,0.0777543937816564,0.0784348566128672,0.0903796692147022,0.104388644590881,0.147278602538801,0.0937868405334673
AATAGCTACCGCGTGC-1,0.0898114331511589,0.102131325242467,0.0804816203956183,0.0949840396101891,0.113202665625805,0.100415785880481,0.101277698180438,0.14148341057875,0.0890377423173275,0.0871742790177646
AATAGTCCGTCCCGAC-1,0.0860058164340393,0.0917116759772844,0.0796746675657992,0.106495526164195,0.0951261266936449,0.107225878761827,0.111288849378938,0.113084253879697,0.100216599049707,0.109170606094869
AATAGTCGCGAGTCGG-1,0.0918982611594764,0.127499706118176,0.113259294679137,0.156253069921547,0.0812990056982722,0.116537544946526,0.157187476061589,0.0812647833247375,0.0748008580905399,0
AATATCCTAGCAAACT-1,0.0677801344859028,0.0868581593838364,0.0725779772760473,0.0649141327168331,0,0,0,0,0.122847985362296,0.585021610775084
AATATCGAATCAATGC-1,0.123356675472365,0.10388135213628,0.154789352455022,0.0902085978818728,0.192101673368551,0.104804704684074,0.093161534290685,0.137696109711151,0,0
AATATCGAGGGTTCTC-1,0.130143965638766,0.0823355789794174,0.0764091208711733,0.118211356952085,0.126088494300784,0.0984917613898542,0.21400901619155,0.154310705676369,0,0
AATATTGGAGTATTGA-1,0.113980658264685,0.1213017399927,0.0672776210439471,0.118415132326385,0.120977835701427,0.0716538621318423,0.107346950696202,0.139578236683332,0.0744269480536523,0.0650410151058278
AATCAGGTTTCATTTA-1,0.125393634669383,0.0870519335269762,0.103882953970464,0.0827630851178255,0.0971694565179479,0.102446250194433,0.0870782600105255,0.0940089236001165,0.101619592998134,0.118585909394195
AATCATGTAAAGACTC-1,0.0942666328754162,0.0995109500501508,0.148809620462864,0,0.110711125626696,0.0673015186768318,0.0844135224765238,0.0954822138095077,0.176825857827437,0.122678558194573
AATCCAAGGGCCTGAG-1,0.057347649690803,0.0679035222521444,0,0.0701651384107315,0,0.0669131138691179,0.0594947035935128,0.0687143003988584,0.0863275397159097,0.523134032068923
AATCCCGCTCAGAGCC-1,0.0907554087717647,0.0946954186910689,0.0917530490037241,0.0879322193889176,0.0818847495064884,0.0877616419434309,0.0927067774800954,0.0904866825600138,0.120117253047897,0.161906799606599
AATCGCCTCAGCGCCA-1,0.0944056456488568,0.114439655414992,0.101443554749094,0.0923477281373833,0.0846739960007222,0.100727913688578,0.100347241811017,0.09978974428761,0.130994456055923,0.0808300642058239
AATCGCGCAGAGGACT-1,0.15449993635124,0.096649864122593,0.0991044019197409,0.064963638934207,0.134801063323068,0.0931259179010013,0.0762706265305058,0.137429558387344,0.081951946498735,0.0612030460315663
AATCGGGACACTACGA-1,0.144460606210545,0.0810169738071714,0.0696753170578603,0.108058812429167,0.107394385059951,0.108190371457303,0.112265454846572,0.106773394719056,0.0766791237149314,0.0854855606974428
AATCGTGAGCCGAGCA-1,0.0899614430785163,0.0884032010923206,0.0966282229667868,0.0813438348785702,0.0889983361167578,0.0949646480505583,0.0962066632609193,0.0890814760363785,0.10853369353181,0.165878480987382
AATCTAGGTTTACTTG-1,0.0997724342210492,0.149114617635436,0.106409769536275,0.110704672158115,0.10123186873052,0.1002839811428,0.0998875611928472,0.0890787502983185,0.0846741192079948,0.0588422258766452
AATCTATGCCGGAGCC-1,0.104366733813154,0.0888468793812104,0.115162438262468,0.107351014367989,0.0996927517024357,0.153670756480521,0.0972461437311774,0.0889047274926949,0.0943987363942315,0.0503598183741184
AATCTGCGTTGGGACG-1,0.0821057941437876,0.0705349042093915,0.0861977298856451,0.0992279079389958,0.143889195532616,0.203734114960461,0.173422207429628,0.140888145899475,0,0
AATCTGGCTTTCTAGT-1,0.156082821323871,0.109334847284387,0.0880470032771749,0.112167733374946,0.138780816968201,0.0727691503076089,0.120728087142593,0.0969080344993845,0.105181505821834,0
AATGACAGCAATGTCT-1,0.133174169011689,0.090474818498352,0.103212657233507,0.118388868030444,0.094036786595314,0.0946863107181376,0.119644275261941,0.0893822144053692,0.102877318917496,0.0541225813277501
AATGACGTAGGATGTC-1,0.1038783464318,0.086745916504642,0.104681010453391,0.0989736550782388,0.0910773317100769,0.105567115134604,0.0980186548151083,0.0970363504706375,0.106960683318816,0.107060936082685
AATGACTGTCAGCCGG-1,0.0881776806529259,0.102999124841329,0.0844461231363701,0.114037736454121,0.112381817786634,0.0980299679552402,0.0920621992148481,0.0815533335892081,0.0886050074721677,0.137707008897155
AATGAGTTCGCATATG-1,0.0817828128069618,0.0965506376019822,0.0750798751695092,0.0764761316477399,0.106948366007996,0.100725742591412,0.185225200151594,0.119054908265347,0.158156325757458,0
AATGATGATACGCTAT-1,0.0880200081933475,0.114645464292499,0.105009061928654,0.116481156243493,0.101630460251319,0.123086698013246,0.0799768585771235,0.12205318512383,0.0741111574064141,0.0749859499700735
AATGATGCGACTCCTG-1,0.136732815231578,0.123507718715962,0.126164360570972,0.0647265227545111,0.0985897888582046,0.095688551282864,0.0909633244731809,0.113971765674777,0.0981439315512681,0.0515112208866826
AATGCAACCGGGTACC-1,0.09517268737722,0.0925136085099984,0.0986529126743308,0.0810532319705844,0.113369629293629,0.075731562350244,0.106915560583772,0.0716901586873316,0.172945821057229,0.0919548274956604
AATGCACCAAGCAATG-1,0.0787027770879072,0.0821627463949648,0.213370775968557,0.0983655775667359,0.135371024088442,0.0780120819018431,0.138345239152668,0.122839679381035,0.0528300984578467,0
AATGGTCCACCGTTCA-1,0.113834722287518,0.107989393849839,0.117827961298776,0.103734100012024,0.101261421119634,0.065414898524083,0.106265385284551,0.14387506031791,0.0763900239949964,0.0634070333106666
