gene,t1_melanocytes,t2_melanocytes,t3_melanocytes,t4_melanocytes,t5_melanocytes,t6_melanocytes,t7_melanocytes,t8_melanocytes,t9_smooth_muscle
AAACACCAATAACTGC-1,0.0737174448467029,0.0974378132754505,0.152740549090574,0.0989861606165331,0.0776910870517809,0.125480253252155,0.0884348638384512,0.197113527501981,0.0883983005263717
AAACAGCTTTCAGAAG-1,0,0.150562547354023,0.12893501139934,0.0658391084427436,0.103340274009577,0.06787972491723,0.327569729650855,0,0.155873604226232
AAACAGGGTCTATATT-1,0.13987996566537,0,0.0928091954675164,0.0543739920654651,0.149550264499373,0.204365461275893,0.115233524745032,0.179890974965276,0.0638966213160739
AAACCGGGTAGGTACC-1,0.0811629561192498,0.0884626079389615,0.205407216409207,0.0875524373082266,0.102688117775012,0.116114202832755,0.12102925605211,0.0855776582602442,0.112005547304234
AAACCTCATGAAGTTG-1,0.0829769784349741,0.0686642575625657,0.0790816394319372,0.113556751425292,0.102825023036014,0.114304667128891,0.170218026176806,0.151907837076446,0.116464819727074
AAACTTGCAAACGTAT-1,0.137739033446174,0.0593101015269696,0.132225677519316,0.0913135888040324,0.090441283232649,0.285867769838257,0.0682213927687021,0.134881152863899,0
AAAGTAGCATTGCTCA-1,0.160062295065899,0.0757336536176583,0.161655588727301,0.105850458465275,0.067624433211611,0.129246602950418,0.192011580954622,0.107815387007217,0
AAATCGCGGAAGGAGT-1,0.130410940066045,0,0.109747954539065,0.239166274971447,0.209544555158039,0.137245337859488,0.0602720015226944,0.113612935883222,0
AAATCGTGTACCACAA-1,0.118065382366917,0.227852130987122,0.312820157478663,0,0,0,0,0.341262329167298,0
AAATGGCCCGTGCCCT-1,0.0694930722167075,0.203927577584914,0.125163290036165,0,0.0787908439755567,0.2781746741267,0.0675901843983829,0.176860357661574,0
AAATGGTCAATGTGCC-1,0.194220642971123,0,0,0.157831379717525,0.260221949117141,0.178307373906438,0.151768342058873,0,0.0576503122288995
AAATTAACGGGTAGCT-1,0.164385578669514,0,0.111810241074449,0.547358651316347,0.112581126290459,0.0638644026492313,0,0,0
AAATTGATAGTCCTTT-1,0,0.161161311601173,0.0665091408632493,0.168936740021505,0.112808099355254,0.150509894808564,0.158506589397072,0.101669910494652,0.0798983134585305
AAATTTGCGGGTGTGG-1,0.0577372069558535,0.162247033194759,0,0.196268609953332,0.100360247544879,0.06908556971785,0.229254715941607,0.102598573436799,0.0824480432549193
AACAACTGGTAGTTGC-1,0.186072185142293,0.122953920157375,0.138444519035807,0.0934821482067507,0.0762689740926699,0.13680943672188,0.148765639599407,0.0972031770438168,0
AACACGAGACGCGGCC-1,0.210097904224008,0,0.200439766882914,0,0,0.0761249241564906,0,0.513337404736588,0
AACCCATCCCATGATC-1,0.162846072169117,0.101675566834357,0.0721593289461904,0.0899713368778082,0.101216642952085,0.137333293458293,0.108817252472855,0.0753141542848199,0.150666352004474
AACGAAAGTCGTCCCA-1,0.126604496956284,0.122345508718293,0.161995553249498,0.146350468264085,0.102778030067586,0.0672488936467624,0.110833074275788,0.097723639056592,0.064120335765112
AACGGCCATCTCCGGT-1,0.122306134718276,0.103635172164876,0.0765668018236768,0.17446528667707,0.0773964540427949,0.0669567015231873,0.137616698180192,0.112249894230077,0.128806856639849
AACGTACTGTGGGTAC-1,0.109115881759401,0.128663566298755,0.0715211189893881,0.0848285273904916,0.0985176833441865,0.0615392329087484,0.149833959961143,0.17516050064113,0.120819528706757
AACTCAAGTTAATTGC-1,0.112120294562993,0.0693423825732835,0.161723111585112,0,0.163702498490514,0.102014336931794,0.0949815633416745,0.170195636449598,0.125920176065031
AAGAGGATGTACGCGA-1,0.0702972490803385,0.0761328190009871,0.157279384898766,0.14743550310827,0.122371099354397,0.102886176494735,0.134324652813386,0.0938927399891553,0.0953803752599637
AAGTAGTGACGCGAGG-1,0.0659395551330791,0,0.0678632105436318,0.258192656636131,0.246389826982136,0.111932290557204,0.102299448845954,0.0740456241906125,0.073337387111252
AAGTGACGACCGAATT-1,0.112101761803454,0,0.125450408131738,0.236348827062888,0.0976666459445876,0.0822877184377098,0.134713782589248,0.065182042610707,0.146248813419668
AAGTGCGTTAGAATCT-1,0.126774641209827,0.151668782553767,0.0825143744712978,0,0.127383790738823,0.200304773349803,0.0818668526364091,0.175262646680024,0.0542241383600486
AAGTTCGGCCAACAGG-1,0.154508705475602,0.0778037488998772,0.112528740385505,0.0883787149391548,0.110270772428222,0.096885162009463,0.113451559587835,0.128792374796474,0.117380221477867
AATAACAACGCTCGGC-1,0.147282885664377,0.0604105102210796,0.0938873353333715,0.160554548688743,0.0837959552331418,0.104060374773324,0.101050794831994,0.0991899124988464,0.149767682755123
AATAACACTAGAACAA-1,0.158571213932596,0.110097033993984,0.0973593741923741,0.0958776431566447,0.185787664979356,0.103058259639733,0.0672108087379233,0.103186438338413,0.0788515630289755
AATATCCTAGCAAACT-1,0.0612223155268822,0.050671026844095,0.0846503742613997,0.0931936600769009,0.327383263149867,0.11469733554239,0.0715368216653089,0.12876004024418,0.067885162688977
AATGACAGCAATGTCT-1,0.115335160461564,0,0.164671561381923,0.106320860978956,0.101884907381934,0.161450454139211,0.194145157826178,0.0659729936809796,0.0902189041492533
AATGCAACCGGGTACC-1,0.11141920301083,0.110047991633577,0.0916157792941407,0.0857363124107474,0.178374643551779,0.0848558654843417,0.113755255300433,0.138755425279633,0.085439524034519
AATGTGCCCGAGGTGT-1,0,0.168608932114766,0.0861461532678039,0.105517863980507,0.140873358380801,0.267866559129512,0.101405782904515,0.0536820602030192,0.0758992900190758
AATTAAAGGTCGGCGT-1,0,0,0,0.0558092892300438,0.0635702883689244,0.0617476169195037,0.263405667241892,0.0706392797477948,0.484827858491841
ACAAAGAAGGTAGGCC-1,0.060966905466993,0,0.102568264617693,0.185661496579667,0.112343211418535,0.109725309610542,0.224929490173888,0.0558411519331912,0.147964170199491
ACAAGGACAAGAGGTT-1,0.107874936358696,0.0757268737906712,0.188304516362497,0.0710847715968952,0,0.184272996523137,0.103640490843689,0.0887636057215204,0.180331808802895
ACAATAGTCGTACGTT-1,0.148075032726135,0.124276499397149,0.127775797193021,0.0595290963886726,0.125370261823028,0.0714680711107782,0.143144311271118,0.200360930090099,0
ACAATCCATTTAAACC-1,0.0755048277090933,0.19298528019701,0.144337724439021,0.145611136265305,0.0851281121839687,0.0886787365535908,0.127709722757031,0.0864278110415956,0.0536166488533843
ACACAAAGACGGGTGG-1,0.0957163876019018,0.146192279077163,0.0908878431251454,0.112663210949895,0.138108134025681,0.119874425506951,0.101685239627458,0.123626554759288,0.0712459253265165
ACACATGATCAAATCT-1,0.0504403211683052,0.118376059298002,0.230434958185772,0.0798056386011777,0.139424987618262,0.0996959075985534,0.125509929324482,0.0758878697227519,0.0804243284826944
ACACGAGACTCCTTCT-1,0.0835354809984556,0.10671384816936,0.226421146172407,0.0746335920650437,0.102526381585248,0.0739755772262395,0.156391773784216,0.0897597076203787,0.0860424923786516
ACAGAACTGAGAACAA-1,0.077779617967707,0.245244729577428,0.0972918267319698,0.0798341031941099,0,0.220165386368112,0.0696569872017344,0.210027348958939,0
ACAGGTGGAGGTGAGG-1,0.0948317235533659,0.0968969289216117,0.118636031068374,0.0675033175444067,0.19944820678944,0.0795794489689083,0.0857132560294086,0.0609718911292012,0.196419195995283
ACAGTAATACAACTTG-1,0.139718676508592,0.0943074137634073,0.0721501027137978,0.0726834301570883,0.0707279131931956,0.306984032785401,0.105831681517164,0.0839957056739379,0.053601043687416
ACATAAGTCGTGGTGA-1,0.162270824116822,0.0646017736992623,0,0.34278399845561,0.187223008269481,0.0769133856510619,0.075776185462347,0.0904308243454149,0
ACATCGGTCAGCCGCG-1,0,0.101543202466071,0.256486752149664,0.1903014533941,0.0575249952513772,0.142184400579199,0.0814119957954003,0.0533483700081835,0.117198830356004
ACCACAAGTTTCTATC-1,0.0868587025747607,0.0672513821643578,0.0967559931532442,0.136191036410941,0.106131487879915,0.125577872537384,0.162779547551888,0.0882536658115245,0.130200311915985
ACCATATCCGCAATAA-1,0.246270274376659,0,0,0.431701276274828,0.0603370643146836,0.0917691343492271,0.0552215381021218,0,0.114700712582481
ACCATCCGCCAACTAG-1,0.0551530261158563,0.161163313763282,0.0514745281707991,0.101109483382251,0.142054081950294,0.0905155401593277,0.188085071023508,0.131443139322807,0.0790018161118751
ACCATCGTATATGGTA-1,0.111532066226512,0.0771067371392084,0.167739521432585,0.204697295436208,0.0896107009469484,0,0.101160882356023,0.0638394044000277,0.184313392062488
ACCCATCTTGAGGGTA-1,0.0840116543381771,0.113185394401158,0.119225915715985,0.172783526460062,0.105925410766013,0.105979495455127,0.0957018235478584,0.13289327906948,0.07029350024614
ACCCGGTTACACTTCC-1,0,0.112450808457285,0,0,0,0.0635656292852961,0.099400319332702,0,0.724583242924717
ACCGAAGAGTCTGGTT-1,0,0.0698709100891739,0.0632508601027498,0.160136114947526,0.231962249431527,0.139634675234676,0.0944151675029351,0.123039613727777,0.117690408963635
ACCGGTCAGGTACACC-1,0.259038588724851,0.153118418907784,0.180224517061132,0.15245751675999,0,0.0735994364661146,0.112724710349052,0.0688368117310768,0
ACCTAAGTACCTTTCA-1,0.0841204555911181,0.102329367472702,0.0916286333353996,0.223353519477852,0.176352672321187,0.129374815106813,0.111907592115465,0,0.0809329445794632
ACCTAATCGACTTCCT-1,0,0.196848808632852,0.110286662556247,0.191954668680373,0.169116940687744,0.0767709081634516,0.0911603174470448,0,0.163861693832287
ACCTGCGTGTCATGTT-1,0.198726151665282,0.0994827142476808,0.0589310940264803,0,0.0903618356041302,0.235017929812054,0.0752857236252694,0.242194551019103,0
ACGAGGATACCACTCT-1,0.209332258621807,0.103252798415769,0.216477232521061,0,0,0.155726596836244,0,0.259985339791438,0.0552257738136811
ACGAGGTTTACAACGT-1,0.112872801454433,0.053269885329503,0.0956016411708005,0.144373355000139,0.104176299889793,0.093012976606264,0.20847620868728,0.132189460489265,0.0560273713725227
ACGATGCATATGTTAT-1,0.296180569963881,0.0571277870613254,0.0567884910149444,0.0672720117998822,0.161527635728083,0.155921360852807,0,0.117512061756566,0.0876700818225113
ACGCGCTACACAGGGT-1,0.0676269195824315,0.0804821420883307,0.0954539278475169,0.13874061881975,0.0774164589058661,0.102424205885796,0.194824509732254,0.115567035010169,0.127464182127886
ACGCTGTGAGGCGTAG-1,0.0807075390440082,0.17209204466038,0.147219878465162,0.0600116241068196,0.105819401470507,0.0501674470966507,0.0652373323314301,0.193753909303802,0.124990823521241
ACGGCTGGATGTAGAA-1,0,0.0938363334885867,0.12122493338167,0.160134528026815,0.0994763035934626,0.144142480268993,0.103492622976331,0.145630532035224,0.132062266228918
ACGGGAGTGTCGGCCC-1,0.174228154827734,0,0.154380573857264,0,0.165907518901039,0.200235834748387,0.0758018432788135,0.229446074386762,0
ACGTCTCGTTCCGGGA-1,0.251719006569455,0.102099892792597,0.0627725896797275,0.0838700240349206,0.0853874194383826,0.0972083613360865,0.154036954518182,0.0670547870702064,0.0958509645604426
ACGTGACAAAGTAAGT-1,0.196334095504066,0.0631292668058467,0.0734304327726221,0.0728628798344165,0.196118965046356,0.168575363109228,0.0632913204557023,0.166257676471763,0
ACGTTAGATTTGCCCG-1,0.0644185313050859,0.21851616303052,0.0922482046581621,0.0697636850237301,0.0700074994891291,0,0.168217510647885,0.187349672538111,0.129478733307377
ACTCCCATTCCTAAAG-1,0.119985551551253,0.0593229431110321,0.0823787149848926,0,0.087905095511048,0.399523300399209,0,0.250884394442566,0
ACTCGTAACCCGTCCT-1,0.150336218921784,0,0.255425806655308,0.089309844255233,0.102366105048224,0.121628738268639,0.0648261651025268,0.216107121748285,0
ACTGCTCGGAAGGATG-1,0.0767945736298919,0.0717548233359868,0.176438670447655,0,0.10310133332289,0.263715303196235,0.0964537293799977,0.141058443582154,0.0706831231051893
ACTGTAGCACTTTGGA-1,0.132862774261436,0.0827141457591819,0.189077342135176,0.113941328928403,0.11622602652488,0.0797700080348215,0.0732699689922277,0.133789040544309,0.0783493648195652
ACTGTCCAGGATTATA-1,0.182732528971594,0.0622015589680537,0,0.341391229664142,0,0.102625778450022,0.153771147218149,0.0771481213427238,0.0801296353853164
ACTGTCTTCTTTAGAA-1,0.18356149897605,0.0720559426542334,0.0627871566716807,0.0703383113286791,0.068248066639089,0.187353279642361,0.0856425712962985,0.129799080974609,0.140214091816999
ACTTATTAGGATCGGT-1,0,0.14272654218657,0,0,0.105782903690175,0,0.185849540469949,0,0.565641013653306
ACTTGTAGTCCCTTCA-1,0.0768407030530795,0.246272803517561,0.0817483088900315,0.241564618543236,0.113005288241355,0.0898162880108546,0.0673751420780067,0.0833768476658749,0
ACTTTCCTATAGCTTC-1,0.13716361884463,0.0635541949990488,0.125360850379356,0.217193187474028,0.0864096055421169,0.163492147471883,0.0573857840226481,0.0941111629680017,0.0553294482982873
ACTTTGACTGCATCCT-1,0.299999018727776,0.0872184584878144,0.100839254573994,0.103817518822631,0.109503874483041,0,0.0712903428074208,0.146209496508515,0.0811220355888085
ACTTTGGTCGTGCTCC-1,0.0814987879322745,0.0889726464282836,0.111978401630574,0.146481841493213,0.126687869299487,0.0896595104694568,0.0853692116456859,0.205700008513327,0.0636517225876986
AGAAGTGATTCGTGAT-1,0.0647496361943639,0.232858552638203,0.0611320565315139,0,0.0580296149116651,0.0977865996221811,0.130618484426859,0.105212082232816,0.249612973442398
AGACCAAACCACACCT-1,0.270796932559608,0.131737113964978,0.0698294840285009,0.0591903364670476,0.144745471118121,0.172136520634777,0,0.151564141226968,0
AGACCGGGAAACCCTG-1,0.0950417595373029,0.0599723181471478,0.286912215908943,0.174594808147121,0.0500549023211592,0.115157066764767,0.0896867396169973,0.0692561823212064,0.0593240072353554
AGACGACGATGCCGCT-1,0.0644090794679408,0,0.257995794557324,0.212203255640947,0.161853555456918,0.0610186605862983,0.164363170264221,0.0781564840263509,0
AGAGATCTCTAAAGCG-1,0.0567792638990606,0.0599104702954347,0.213642807698416,0.169363755088189,0.167266125836249,0.0572340040841167,0.0507400358783185,0.0629027009995489,0.162160836220666
AGATAACTTCAGGGCC-1,0.161837902783162,0,0.282868686139084,0,0.130789328615671,0.1080973255116,0.101799967090568,0.214606789859915,0
AGATACCGGTGTTCAC-1,0.0615781445468464,0.0815748337430417,0.0964820519571892,0.0775956909798264,0.0864896256246829,0.0805860419624008,0.0886060327482412,0.195506801497258,0.231580776940514
AGATGCATCCTGTGTC-1,0.1850894333099,0.105830368557674,0.0895527401891553,0.149782449426523,0.0589209938810894,0.161943829434313,0.123098237846536,0.0645252994568499,0.0612566478979606
AGATTATAGGACGTTT-1,0.06095025503363,0.165339853951133,0,0.0736065090408646,0.219912057629222,0.260442445835569,0.156047020069018,0.0637018584405626,0
AGATTCACAACCGATA-1,0.227536870846724,0,0.168345443769405,0.113962258765628,0.19592656117475,0.133721370673687,0.0572614628582884,0.103246031911517,0
AGCAACCGAAAGTAAT-1,0,0.0759524691691057,0.119895567216289,0.143120103374995,0.0898541963094944,0.287345392012813,0.190579921843781,0,0.0932523500735217
AGCACTTAAGGACGCC-1,0.260280053723068,0.0578280869423962,0.0627031976484815,0.139406680312691,0.146649973490697,0.0954229050465665,0.0619656662302793,0.100293185775457,0.0754502508303635
AGCATCATTTCGAAAG-1,0.066206492872269,0.133908782724405,0.0618088223629293,0.104666810650877,0.0938919827918415,0.233365852327084,0.120572287306475,0.118485633855906,0.0670933351082128
AGCCCATACATGTAAG-1,0.0965968428511316,0.121154961403758,0.240055703826242,0.0959515573108838,0.0781823216197919,0.0836883382357486,0.0671968860992878,0.137799208717111,0.0793741799360458
AGCCGTGGCTAAATGT-1,0.23383115487795,0,0.142801600445115,0.155029910805941,0.0925960811045063,0,0.20167140610989,0.174069846656598,0
AGCCTAATACCCACGT-1,0.098274512514905,0.0933630513816587,0.0970643323683196,0.0715016991755045,0.127971258101264,0.358773318627514,0.056540430310819,0.0965113975200156,0
AGCGACAGGAACGGTC-1,0.0698115161856849,0.0615795066159269,0.122606568572504,0.163367295149939,0.0916091626463292,0.197523335803006,0.171557261626225,0,0.121945353400386
AGCGACCAACGATATT-1,0.110085654240893,0.146665522375798,0.0949486023966216,0.0630742305956168,0.254562774495017,0.153003593065535,0.0647154579400345,0.112944164890486,0
AGCTGTAACCTCAATC-1,0,0.185784555005383,0.132099077793882,0.132109507598377,0.0552210749770908,0.132683912366219,0.110260980491962,0.162482579905108,0.0893583118619788
AGCTTGATCTTAACTT-1,0.152231283409987,0.158790431104965,0.0706397023868156,0.15211998196846,0.118979626861952,0.059879430647715,0.0643625269081537,0.0680782256730675,0.154918791038885
AGGACGACCCATTAGA-1,0.0718087219853434,0.05519873724998,0.150019428474075,0.157944709244546,0.255401450692189,0,0.0604393164118377,0.121906025368924,0.127281610573105
AGGATCACGCGATCTG-1,0.0829599015511455,0.112769501256939,0.110760542718046,0,0.116844429099072,0.231105968102417,0.123209596976827,0.222350060295553,0
AGGCCACCCGTTATGA-1,0.119024536347022,0.0597149811201234,0.16060170465891,0.0904545432467276,0.110603440180266,0.0792948663246135,0.151675663603621,0.133288803812778,0.0953414607059396
AGGCCCTAGAACGCCA-1,0.239519894591229,0,0.0954199044471226,0.0828862271109479,0.0790157193266091,0.0729932549185554,0.181305459725075,0.185336009513309,0.0635235303671516
AGGCGGTTTGTCCCGC-1,0.0841818543358957,0.104942788098654,0.0855103575402372,0.186250447113244,0.0927341251904862,0.0895849834241215,0.239232585919566,0.117562858377796,0
AGGCTTCCCGAAGAAG-1,0.125652395140397,0.168534252522579,0.0877824505296142,0.119670412537712,0.124104864281222,0.0890601006132954,0.0925103900165334,0.0926700342638948,0.100015100094753
AGGGCGAGCAGCTGAT-1,0.126186805987345,0.146782911676381,0.247127816628588,0.0780163894460874,0.0602222584364183,0.148953439249918,0,0.192710378575262,0
AGGTAGGTACAAAGCT-1,0.0625282608178171,0.149379607041902,0,0.131438879047569,0.262109413683646,0.0699586001907366,0.119163802876121,0.105267053981698,0.10015438236051
AGGTCAGGTGAGAGTG-1,0.203844375827877,0.066649693862955,0.133538230329649,0,0,0.270464602645146,0.0767416839980241,0.248761413336349,0
AGGTGTATCGCCATGA-1,0.0849824077470352,0.164238083004844,0.116108708648713,0.203787056541755,0,0.0917138700371904,0.171323092808058,0.0678804736860949,0.0999663075263093
AGTCAACACCACCATC-1,0.088086682759031,0.0999867073440006,0.0910585643151264,0.0884535422703153,0,0.0634463251662533,0.0543659491322213,0.104233597272793,0.410368631740259
AGTCGGCTCAACTTTA-1,0.299842429768353,0,0.113178011615102,0,0.174181449541444,0.0605949481960941,0,0.352203160879008,0
AGTCGTGGGCATTACG-1,0.111271705105576,0.225712290635101,0,0.129712231365051,0.106413622062339,0.145395298057457,0.203701850125206,0.0777930026492696,0
AGTCTCACAAGACTAC-1,0.068242748433839,0.106649059244858,0.154803159864995,0,0.123666743354616,0.237862536207021,0.119649141848567,0.0841926802795503,0.104933930766554
AGTGACCTACTTTACG-1,0.0893178021906409,0.0585360738768869,0.118952253419821,0.441088649919273,0,0,0.0864668651207532,0.0944096402721886,0.111228715200436
AGTGATATGAGTAGTT-1,0.0581998744851204,0.154052413189787,0,0.289905432902846,0.145700406032948,0,0.058744062427076,0.116823705341317,0.176574105620906
AGTGCGTAGCTCGTAA-1,0.160630926510081,0.0829480603754368,0.118866254973788,0.214749919591256,0.075051368982336,0.0706006735403435,0.0601485490517033,0.102903579418203,0.114100667556853
AGTGGCTCCGTCGGCC-1,0.0822541110268429,0.15858175044326,0.128718578514393,0.20267468467988,0.152126952808531,0,0.142061539680766,0.0570399030482769,0.0765424797980504
AGTGGTGTTACCCGTG-1,0,0.114823872999659,0.24553877331577,0.150345247937829,0.134553557881684,0.0595105557959398,0.140150535661196,0.155077456407922,0
AGTTAAGTCAACCGCT-1,0.0737878430801416,0.167325661246033,0.277057774696747,0.0974032670785624,0.0770554062018242,0.148766644727262,0,0.158603402969431,0
AGTTCCTACAGAATTA-1,0.0553153144521075,0.0503017498489096,0.0617463731559407,0.177839605386486,0.216079930790861,0.126303928486585,0.126055521425011,0.110736074368279,0.0756215020858195
AGTTTGGCCAGACCTA-1,0.0939501330858641,0.108625680293399,0.160253800270059,0.169539058742134,0.056564826770216,0.104574777367046,0.148804980112822,0.103015431874213,0.0546713114842456
ATAAAGGCTCGGTCGT-1,0.189182882008294,0,0.115196255811103,0,0.181898162251338,0.209701702888991,0.136500345804626,0.0801679851525231,0.0873526660831246
ATAAATATTAGCAGCT-1,0.0695299471432283,0,0.159688705072091,0.182486201643181,0.101163577616863,0.0702718240418111,0.157941111012357,0.175921839717819,0.0829967937526503
ATAAGTTACCGCGACG-1,0.0752654584592838,0.318565034589617,0.0552555533666465,0.0573852260166852,0.170572400117604,0.131177025362606,0,0.102070717846331,0.0897085842412269
ATACCACGGGCAACTT-1,0.0670103601505832,0.100593646091441,0.053064399097737,0.241138395666815,0.247237324906119,0.13971144649613,0,0.0913226389413301,0.0599217886498445
ATACGGAACGTCGTTT-1,0.0995232160701302,0.201634780278194,0.193312506489851,0.210219070177359,0.086633258133692,0,0.131444432932331,0,0.0772327359184423
ATAGACGAAGAGAAAG-1,0.0981114388234085,0,0.366959993483053,0.0750831730371393,0.12082362630527,0.119890013916237,0.0577235839559258,0.108555082309672,0.052853088169294
ATAGGCGGCTATAGAA-1,0.219010146862824,0.0732501102872056,0.10357966119764,0.111421658734828,0.0708013972900074,0.0864749395461424,0.0969939261723499,0.0626255671216499,0.175842592787352
ATAGTGAAGCGTTCTC-1,0.267285276528048,0.100623254706162,0.291486180561359,0,0,0.0984519650746903,0.0561689875466002,0.185984335583141,0
ATATACATGTATGGTA-1,0.094653203926044,0.062188372960809,0.259716681350097,0.0929283957628485,0.0633878667834729,0.0993274241565494,0.0599670486726322,0.191224831247874,0.0766061751396727
ATATCAATTCCAGCCT-1,0.143913891046934,0.172507720367709,0.0755017450042078,0.116728646491329,0.127523191943913,0.101828836724969,0.0869075071531655,0.1250505263597,0.0500379349080728
ATATTCAGTTAAACCT-1,0.09131119328482,0.10644716353042,0.109737335532047,0.148167525352985,0,0.0727111787622713,0.314829668322418,0,0.156795935215039
ATATTTAACCCTCAAG-1,0,0,0.109190039838547,0.373158372716635,0.0792925878407997,0,0.211796242976789,0.133844029432703,0.0927187271945255
ATCAAACGAAGGTTTG-1,0.0935230960510924,0.143075933988811,0.14181312004271,0.10211945477603,0.0585465461188966,0.0962368938104326,0.090173528056699,0.113674747211859,0.160836679943469
ATCACGTGCTAATTAA-1,0,0,0.115822401223945,0.227698786001141,0.0586088199538953,0.113095341180333,0.390386179448188,0,0.094388472192498
ATCAGACGGCACGCCG-1,0.130533776337078,0,0.0991876770484183,0.143815552916759,0.118801638515236,0.0643319141741234,0.12873208408877,0.0898958495001026,0.224701507419513
ATCAGCTCGTCCACTA-1,0,0.108986814936993,0.0917905871243965,0,0.212493054081391,0.343670364436376,0.0742219836256218,0.168837195795221,0
ATCCAATGGAGGGTCC-1,0.0897571363407717,0.248398952632194,0.158830265456445,0.102438554628895,0.0636526355414705,0.0674610450527237,0.0698643461100459,0.117349157972689,0.082247906264766
ATCCTACCTAAGCTCT-1,0.106918810783164,0.131676919281559,0,0.108457590850168,0,0,0.0770966742898517,0,0.575850004795258
ATCCTGCGTGGAATGG-1,0.0702638948987917,0.0515143460103157,0.123607419082393,0.0870680470312365,0.0732443289430128,0.0678405511342863,0.184527066354998,0.0749431144806296,0.266991232064336
ATGACGCGTTCTATCC-1,0.122830146857255,0.065038812862127,0.185257103990589,0.0876213047487568,0.156025164972685,0.11456924343171,0.0851602068210298,0.106800700650587,0.0766973156652602
ATGATGCAATGGTACA-1,0.0986154510822923,0.0563722247113674,0.0960968280341986,0.197084142671898,0,0,0.212038392415067,0.110119095836652,0.229673865248524
ATGCACGCGCTGTTCA-1,0.130145245635537,0,0.191966729365514,0.0578884771030228,0.0669505019496501,0.0699822718498037,0.206316584360813,0.204198341356136,0.0725518483795241
ATGGAAATTTAAGGAG-1,0.0831864165133263,0.0723107185372637,0.097015120047635,0.0790782187618745,0.127320120855376,0.265293448173882,0.128922619161124,0.146873337949518,0
ATGTGAAAGCCTAATG-1,0,0,0.23112853928207,0.0632125704322881,0,0.231139818133508,0,0.474519072152133,0
ATGTGCATCCGACGCA-1,0.135111026360926,0.0969300478304388,0.120089068352601,0.132828970109274,0.164653448474932,0.109177346351312,0.0795138203523786,0.0819976040079892,0.079698668160149
ATGTTCGTCGACCCAC-1,0.189760584064055,0.105560409517348,0.114196455641322,0.102668764537151,0.160847317593638,0.0999218364641849,0.0788709031496911,0,0.14817372903261
ATTACGCGCTGGCAGG-1,0.131745601583937,0.0666974246457462,0.0601745583735692,0.121512553469854,0.133832627238407,0.0864345389386763,0.142447787186136,0.0993684086217917,0.157786499941882
ATTGAAGATCTTAGTG-1,0.0736041231409036,0,0,0.306336961328408,0.216659690908514,0.11972449457325,0.174008478119634,0,0.109666251929291
ATTGATCACCACATTT-1,0.0834254479186822,0.0942759763215282,0.178549039358957,0.0719276976357031,0.166679822378779,0.162448327652146,0.0854187485638948,0.157274940170309,0
ATTGCTGCTCCTCCAT-1,0.141438129176464,0,0.170561637109701,0,0.193569270321177,0.133098136442457,0.237059092996744,0.124273733953457,0
ATTTACAGTTTACTGG-1,0.0646426861982678,0.105726838130594,0.147602550432456,0.123714980405065,0.0527955863243558,0.144387917687566,0.0824642972235477,0.162012796767475,0.116652346830672
ATTTCCGGGTTCTGCG-1,0.158606781764055,0.0654896473372878,0.194771424824367,0,0.191884699023023,0.0917602323254352,0.103660756589196,0,0.193826458136637
ATTTGCGCGAGTAGCT-1,0.0713729422278112,0.180834490609816,0.140734778797972,0,0.143644265595814,0.141303227089424,0,0.210142250354748,0.111968045324415
CAAACGAGTATCGCAG-1,0.127602568523043,0.218462032569406,0.188976518617943,0.105360761990801,0.0599031080925212,0,0.0967747917307037,0.0731155563532087,0.129804662122373
CAAACGGTCGCACTTT-1,0.0759656502545848,0.171283012706065,0.0954099329711324,0.115620838997506,0.140243953986194,0.129097997515542,0.121233568009927,0.060685720790276,0.0904593247687725
CAAAGATTATTGGGCC-1,0,0.197450133890998,0,0.111583080251351,0.156729343892883,0.144007735303675,0.0873347762682699,0.237287587026194,0.0656073433666296
CAAATCTCTCACAAGG-1,0.126070974352704,0.0942301858389311,0.0842870781528575,0.108811068691356,0.072279661802546,0,0.23565139799644,0.17493976511486,0.103729868050305
CAAATGTCCTTCCGTG-1,0,0.285798035970433,0.12531216528606,0.294454570678242,0.135013313969112,0.080614341415379,0,0.078807572680774,0
CAAGCAACGTCGGAGT-1,0.161654004658866,0.273783465714892,0.0839111883217112,0.145715590995794,0.0649825219221857,0.113588012522712,0.0525835600676953,0.0533115556244893,0.0504701001716541
CAATTAAGGGTGATGA-1,0.133231666121036,0.0724402107296734,0.0781195778131197,0.108889133376244,0.145165422286289,0.106830802803786,0.0690204988827877,0.156838160531574,0.129464527455491
CAATTGGGCCGCACTC-1,0.197013006662687,0.0699365764277003,0,0.0929422695028701,0.201047897000187,0.149434682900915,0.0688732591108502,0.146440018415663,0.0743122899791277
CACAATGAGCTGCTAT-1,0.0746403347837362,0.076314763442042,0,0.298265369669384,0,0,0.136066949624137,0,0.414712582480701
CACAGCACCCACGGCA-1,0.186189414838786,0,0.205069128923867,0.144357828433215,0.133487930411005,0,0.162693902293423,0.091983184022068,0.0762186110776375
CACCAATCATCCGTCT-1,0.193523849909085,0.0701979296359258,0.0657826133921345,0.0680722124992839,0.142256425625002,0.244565843613423,0.129120370687416,0.0864807546377303,0
CACCCTTGGTGAGACC-1,0.190739955469725,0.0906543068703255,0.0626924358216202,0.0678776615162729,0.128610579147632,0.255086273828849,0.0658057683310482,0.138533019014527,0
CACCGCCAGAAGGTTT-1,0.0980704392922516,0.205385720675591,0.146256035298041,0.124163888464911,0.0932788227251867,0.0722834048551158,0.130418212120494,0.0791457735851937,0.0509977029832155
CACCGTTAGGGATCAC-1,0.266718946828663,0.197634783563257,0.0938427841851911,0,0,0.243291835596029,0.0628344341499311,0.073344721537331,0.0623324941395985
CACCGTTGCGCGATAT-1,0.175598986629519,0.0583073292833553,0.16153321773433,0.0918063117880679,0.165355604860693,0.123549420167911,0.0814409021227873,0.0716451500474933,0.0707630773658436
CACGAAAGTTAGTCCC-1,0.0933220396081401,0.103965207867109,0.122649674424625,0.114732674542346,0.175558054944491,0.145787338390653,0.0820307811451999,0.105207653910447,0.0567465751669901
CACGCAGCGAGGCTTT-1,0.246153316795725,0,0.162373310309988,0,0.134298011485482,0.119208854056142,0.24777463270674,0.0901918746459223,0
CACGTCGGCAACCTCT-1,0,0.166997456958888,0.0801857485304719,0.0946298722734389,0.134541260634499,0.140819562297105,0.107035744752114,0.150722066542806,0.125068288010677
CACTAAAGTTGCCTAT-1,0.0881461183280309,0.128782747661537,0,0.0642320655250145,0.395211661903644,0.147404928117941,0.0978933588932926,0,0.0783291195705401
CACTCAAGAGCTATGG-1,0.209659667923797,0,0.115038349948209,0.25908389601655,0.249731030055342,0.0609746206490008,0.105512435407101,0,0
CACTTAATCAGACGGA-1,0.143262977178896,0.0574781395240311,0.0586731284177749,0.128124606874702,0.131147874644171,0.171388762879871,0.224560341575342,0.0853641689052123,0
CAGATCCTGGTTTGAA-1,0.14873903605951,0.0662316167005248,0.0711162879967654,0.174820868516569,0.107637419508538,0.0975548504097558,0.136403617860518,0.10646433180451,0.0910319711433096
CAGATGTTTGTCCCAA-1,0.0519102641221618,0.183934914949671,0.138129331955899,0.122493163673902,0.101075882051848,0.243123233565177,0.0666586668429913,0.0926745428383493,0
CAGCTCACTGAGACAT-1,0.146413190462819,0,0.32506903639456,0,0.0672477984233395,0,0.117338481460201,0.343931493259081,0
CAGCTGGCGTAACCGT-1,0.327323130325545,0,0.104163683097998,0.0582674957627923,0,0.166390813331002,0,0.343854877482663,0
CAGGCGCACGGTGGTC-1,0,0.117028995596267,0.0653979653297176,0.124372261293466,0.170096467943192,0.251596015052394,0,0.205544458473097,0.0659638363118655
CAGTACCAGTTTACGT-1,0,0.254284721234865,0,0,0.110504585994474,0.223604880208439,0,0.411605812562223,0
CAGTCGGCCTAGATAT-1,0.154010637401622,0.060940417740576,0.0862590817903291,0.154406126168588,0.0802001966838146,0.0757279694397384,0.105921245713244,0.117754468208698,0.16477985685339
CAGTTCAAATTGACAC-1,0.118564940630819,0,0.100812169024832,0.153053047308725,0.261679314974258,0.10584442506617,0.0956272108347936,0.0953983354714285,0.0690205566889741
CATAAGCTCTCCGTCT-1,0.137514292979492,0.112951165800649,0.138700552440204,0.139904137136916,0.150541599753938,0.190046733571088,0.130341518317712,0,0
CATACCCGTACCCAGT-1,0.195745747969958,0,0.0928946187327004,0.0996050096677764,0.131580764700344,0.101093866056326,0.0821377236474481,0.201544963978442,0.0953973052470039
CATACTATGTAATTGT-1,0.177723961346221,0,0.104221649890809,0.150846040965932,0.245344081352092,0.124234190409736,0.142890042239212,0.0547400337959981,0
CATAGTCCACAAGAAC-1,0.124183183204058,0.146910955616087,0.0853606151887109,0.0934367662625892,0.0690532769270494,0.0780506997131653,0.0787678072975488,0.324236695790792,0
CATATAGGTACAGTCA-1,0.171271064499684,0.067105038845629,0.22406982803042,0.0906864529032328,0.0856650393773157,0.061358983590478,0.0559432841086777,0.16868072448786,0.0752195841567019
CATATGTCAGGCTACG-1,0.153775959753177,0.0615900731460642,0.201911980603465,0.0724224716359374,0,0.245328756059522,0,0.264970758801834,0
CATCGGACGGGTTAAT-1,0.224364109999939,0.14292372013152,0.11179472839724,0,0.234832790303502,0.0860448464992594,0,0.200039804668541,0
CATGCCAACTCGCAAA-1,0.100402680681399,0.0526512373229724,0.0712878207999158,0.15459104894329,0.183361539949835,0.118641710923714,0.112755798688926,0.13053052666729,0.0757776360226591
CATGGTATTAGTTTGT-1,0.0868672748137021,0.133616393653303,0.179629679497095,0.187174966533032,0.156037786413312,0.0677832032762574,0.0642552991242351,0.057144952468493,0.0674904442205703
CATTATGCTTGTTGTG-1,0.0711323761396454,0.066904579991404,0.121656799995396,0.0656434880934719,0.103007278853516,0.117228054718648,0.130524730070602,0.0898485448135219,0.234054147323794
CCAACGATGCACTGAT-1,0.200874984597392,0.0584384761574489,0.0596179969788578,0.0856275088828412,0.198845469737188,0.0813671520473585,0.132615344796342,0.11793733068886,0.0646757361137128
CCAATAGTGCCGTCGA-1,0.140184608384713,0.203242882125025,0.176267811313496,0.0602134742247177,0.055431817463127,0.120656957519226,0,0.244002448969696,0
CCAATGTCACAGCAAG-1,0,0.0904603809696456,0.135524485778918,0.273715020053424,0.225454440835366,0,0.141458925593417,0.0584807915591075,0.0749059552101209
CCACACTGAGATATTA-1,0.0811024421970261,0.0685227956132149,0,0.131682410114972,0,0.0810386896032663,0.183152314351445,0,0.454501348120075
CCACATGGCTCTTTAT-1,0.169016588680661,0.0753232591015713,0.146039157989883,0.143570980553472,0,0.193319455423008,0.121536119150699,0.151194439100705,0
CCACGGAGCCATAAGA-1,0.116371327908413,0,0.0819320424931193,0.0753613113310803,0.0746980877446204,0.157420256868024,0.294702378989688,0.141715395377383,0.0577991992876716
CCACTGGTGGCTGGTT-1,0.0878706904479881,0.089963696700405,0.0774017951586249,0.0858919707796895,0.131802558365117,0.114123028077763,0.080558147606116,0.171052433294303,0.161335679569994
CCAGAAAGCAACTCAT-1,0,0.114110035862866,0.0529840329182562,0.13459519276467,0.0730565138944523,0.129598513822121,0.150166807512176,0.20841817305753,0.137070730167929
CCAGCTGATGGTACTT-1,0.075548751152529,0.0678486792639406,0.1117323177921,0.0928775057463862,0.129635082526899,0.149251919423448,0.155448470248123,0.0974202180086884,0.120237055837886
CCAGTCAAATCTCTTA-1,0.0651720339047294,0.0687472983697549,0.141177972162163,0.151518287210717,0.211787182140461,0.0845204358924466,0.1030822211266,0.0965877186660667,0.0774068505270614
CCATAACCTGTGCAGT-1,0,0.110225618339575,0.12829071698528,0.131779885691837,0.125603798319409,0.312846754340675,0.0556378335785621,0.135615392744662,0
CCATGCCTGTTTAGTA-1,0,0.157544786866702,0,0.149670697948948,0.437355535990277,0.0905834616926796,0.164845517501394,0,0
CCATTAGCGATAATCC-1,0.0695767510830109,0.204965666859339,0.174689730879109,0.05975068622577,0.15696915409024,0.0924367739525404,0,0.147730045274349,0.0938811916356417
CCATTCCCTGCCCACA-1,0.140603165585671,0.0868732124398936,0.0598723190770621,0.0636680518768435,0.231965815636728,0.158556278977816,0.0816967522869063,0.0968993095688779,0.0798650945502015
CCCAACATACGTCGCG-1,0,0.113238555169115,0.122592622226156,0.268568688297834,0.105600564492668,0.107799109184574,0.0804150358996838,0.0825374160109444,0.119248008719026
CCCAATTTCACAACTT-1,0.225250610502104,0.0937204633902877,0.0916877852061727,0.136281433217407,0.157934220512007,0.0570026547384507,0,0.0629188689664844,0.175203963467087
CCCACTCCACGGTATC-1,0.117503364590168,0.122002567514124,0.0635744542944859,0.122533697645908,0.13626047684237,0.141166302789025,0.124287705484642,0.172671430839277,0
CCCAGTAAACTTGGGA-1,0.0597654707819997,0.0688119492208999,0.106241628220173,0.0658785825298423,0.0946579061093255,0.288133957373721,0.11286253886037,0.1415694283811,0.0620785385225685
CCCGAAGTTTCGCGAA-1,0.168071918434079,0.0774640146977203,0.173158274749362,0.0687160373834234,0.0655192342298997,0.137348055615048,0.224331020448123,0.0853914444423449,0
CCCGTAAGTCTAGGCC-1,0.116904354839231,0.184628002381125,0.0639374395880828,0.211633899894089,0.10644562428559,0.0948539094036238,0.0907975173443054,0.0652925378628142,0.065506714401139
CCCGTGAGGGCGGTGA-1,0.261310059698801,0.0969333097609894,0.0852058708557341,0.0991901697812506,0.121361696381832,0.0845566877480998,0.075874324753765,0.0940799643014391,0.0814879167180895
CCCTAGGCAACAAGAG-1,0.0840220270920693,0.110177250614278,0.122325524786298,0.0787778212885316,0.0734229339650442,0.0818995322472249,0.0512185693401935,0.226382036647672,0.171774304018688
CCCTGAAATGAGTTGA-1,0.0896994626655556,0,0.244241594132253,0.155429741120199,0.10164012663862,0.0553077613092735,0.196366341307455,0.0945937354314454,0.0627212373951978
CCCTGCCCAATCCGCT-1,0.159217122424267,0,0.221888458137683,0.113736791977619,0.112690362165964,0.0572433621227546,0.0852546863135656,0.140929006579544,0.109040210278601
CCCTGGCTGTTCCTTC-1,0.0796445866879434,0.0888659930867258,0.063602618090552,0.241622184399725,0.10336542633998,0.0651340213514235,0.0700603232215748,0.141639016544357,0.146065830277718
CCGAACACTGGGCCTC-1,0.0724959459872272,0.11803283429266,0.251725503486351,0.0594200585257701,0.104257853423966,0.0990040860790609,0.0905190412210403,0.153721258539142,0.0508234184447823
CCGACGGGCATGAGGT-1,0.0784807202256073,0.13233193225066,0.095452209754741,0.11231252723491,0.136357975935041,0.238406013316874,0.111370922311882,0,0.0952876989702837
CCGATTCGAGGGACCC-1,0.155898004583837,0.0611505754113158,0.113632437571072,0.0830590999591787,0.0785664968389321,0.151629483672337,0.115504271372461,0.064791849084273,0.175767781506594
CCGCCGGAACTTCTCG-1,0.15489378332089,0.106377191781134,0.11298550972124,0.0684259236405132,0.0881326357505593,0.129537690793839,0.169332674952384,0.108499253383124,0.0618153366563166
CCGCCTTGCGATGTCG-1,0.105424914938899,0.0802166364034448,0.124451164727069,0.139778853659993,0.0836520174455803,0.0805183529389573,0.142541280838588,0.177811102937289,0.0656056761101792
CCGCTTACCTCACTCT-1,0.0526304503601221,0.0645082492119973,0.0811324143531127,0.215101675378961,0.129459417895416,0.174383886950614,0.149384228843741,0,0.133399677006036
CCGGCGTGAGACTCTG-1,0.0532364414270308,0.0680767289428334,0.15056694435743,0.0648881169218185,0.26275928022954,0.115026279437108,0,0.226914746690498,0.0585314619937411
CCGGGTTCGAGGTTAC-1,0.0769223466826428,0.0564762253001456,0.083721750960888,0.11966700274249,0.0940942565974239,0.202045238406041,0.0683946711432193,0.0698412830595986,0.228837225107551
CCGTATCTCGTCGTAG-1,0,0.237608953982879,0,0,0.0743310690673943,0.162848891135631,0.241373991946451,0.07180042311408,0.212036670753565
CCGTGTTAAATTCCAT-1,0.18237539777035,0.0862123282961127,0.142224158107347,0.0853974896209324,0.0924003819018136,0.113664453339207,0.0928593997195515,0.0692472749540672,0.135619116290619
CCGTTCCGAATCTCGG-1,0.0580726692140697,0.177819150153461,0.062020010431077,0.135914656536634,0.0586711267882481,0.101809347116355,0.217677397181548,0.0718193569448571,0.11619628563375
CCTACATTCACAGACG-1,0.0633066122817848,0.056133205332369,0.091618757123526,0.0567759603565563,0.104375939117466,0.0532139383799311,0.318641803580702,0.11920449693292,0.136729286894745
CCTATATCGTGTCACG-1,0.172006214515839,0.102955968467495,0.0759567778149521,0.119352208909786,0.157791104114995,0.0731544118581663,0,0.224014551746095,0.0747687625726721
CCTATGGGTTACCGTC-1,0.106706836582893,0.105108474524364,0.136674264103323,0.107402668122668,0.162703041308427,0.134855799044678,0.0659916932616603,0.0992500837939348,0.0813071392580516
CCTCAACGATCGCTGT-1,0.158110558155575,0.0710308177891655,0.165315553167203,0.0595097212143129,0.128533369283308,0.136794967463337,0.114039480909586,0.166665532017512,0
CCTCCGACAATTCAAG-1,0.0599431842465489,0.104707863428388,0.261545092924736,0.105196210108165,0.152140799640607,0.0560700772396967,0.0697845133012604,0.139556284344294,0.0510559747663036
CCTCTATCGATTAGCA-1,0.166100803797575,0.13705671759208,0.0815712097404634,0.063919245582401,0.163219378359328,0.128185771168734,0.113533618163809,0.0762129092280181,0.0702003463675912
CCTCTCTCCCATCTAG-1,0.214374959489182,0.0736050805889246,0.123406950323962,0.108556709990837,0.198023904275696,0.112911323567017,0.108693451206768,0.0604276205576129,0
CCTGCGTTCTACGCTT-1,0.0565554648458812,0.136265821942483,0.0681732200217152,0.0692003171757638,0.127808207272041,0.0796325471109053,0.0864776736753576,0.238675194472082,0.137211553483771
CCTGTAAGACATGATA-1,0.0942935299492902,0.173685303379707,0.114812624707309,0.0843206754952576,0.102978899042031,0.11748870163498,0.18131753249621,0.0608258603917035,0.0702768729035118
CCTGTACTCACGCCCA-1,0.0589656764521919,0.0815207219373057,0.0793121576470597,0.302934187601149,0.0552515603979943,0.0754926377767452,0.162130311637657,0.0515159119333697,0.132876834616528
CCTGTCACCCGGGCTC-1,0.149972219534104,0.0885343344346411,0.141815129732692,0.0907846425287779,0.110686246406659,0.109468019447822,0.0857673512133433,0.118663988728066,0.104308067973895
CCTTCTCAGCGTTCCT-1,0.129768687760215,0.101128559793389,0.0739719160047327,0.221223280509524,0.160905096936723,0.0765725820548932,0.0796985607185849,0.0938671356190955,0.0628641806028431
CCTTTGAATTATGGCT-1,0,0,0.174807939436729,0.208436617353783,0.31892174181597,0.0939689032158917,0.0919174458325522,0.111947352345075,0
CGAAACGCAATTCATG-1,0.0655165375300101,0.0625364998959306,0.0854778480018466,0.134518493438986,0,0.06589607980493,0.308476875488631,0.137637413155237,0.139940252684428
